Eigvals	24
1.5385133614027728	0.980236376734351	0.36783415289839216	0.3216679749885324	0.27794917685797804	0.23818251431198295	0.2149640671390517	0.19578901060680737	0.1859441328775706	0.17850111080838682	0.15552605393316726	0.15253161440993118	0.1408006024003544	0.12624051200014308	0.1100694344806604	0.10446025055460402	0.09836933377093512	0.09203069866010909	0.07632127300738437	0.06797098194378484	0.06537335400158897	0.056203107290796236	0.018630286562876595	0.0

Proportion explained	24
0.26691258953251495	0.1700586008753164	0.06381456848648462	0.05580532111569525	0.048220663151050745	0.04132165067348638	0.03729354405099955	0.03396691451247725	0.03225895286959253	0.030967682774530016	0.026981801287202293	0.026462303941650014	0.024427121880924673	0.02190113053756414	0.019095653325250095	0.018122530930328028	0.017065833983689997	0.015966161043580004	0.013240774585308248	0.011792104806383864	0.011341449246225873	0.00975052754373379	0.0032321188460113738	0.0

Species	0	0

Site	24	24
e100	-0.06040435249896856	-0.4034713566337282	-0.03929611260848007	0.004035600571482011	0.04843203419966563	-0.031928962738121854	-0.005148134029702548	-0.03873989729128415	-0.06618057994379771	0.08686438067515945	0.19839670325034436	-0.0007818484372480869	-0.0014500488457471284	-0.02883370113693947	-0.14133892978684628	-0.04643017639757858	0.05465765922741855	0.007877758697046393	0.11231903527909642	0.00937368934917758	-0.03894020220555677	-0.029548460907401906	-0.0045833415371144826	0.0
e102	0.04789413446388123	-0.42156153758528675	-0.0038977294201194886	-0.020251944644335163	0.06642646712669642	0.029405654425755164	0.03291500593263494	0.0016574998028238128	-0.0861895994180459	-0.0614524253193755	0.019840622959407854	-0.01889224747448994	0.027663875008337994	-0.16397400679583057	0.16684511153694612	-0.09982043526659141	-0.07865880834595951	-0.04684880579440786	-0.03887889672224372	0.014964898768658568	0.01801743444927732	0.0026034018809194016	-0.006170349195303754	0.0
e103	0.16917051245163536	-0.24693817759276174	0.20428517085005046	-0.15790056143644232	-0.1494234314671969	0.14112428701578583	-0.04865916708152545	0.07552949598997459	0.22027040266297077	0.09312536915508081	0.009627331102916744	-0.047512730723738	-0.1137556826435806	0.03877295894359701	-0.0037979513025153816	-0.04630713741812678	-0.02866391616034461	0.027670919573645276	-0.029611604992827875	0.015421036090768302	-0.008655000601939376	0.0033653617926310262	-0.0011261530630545767	0.0
e104	-0.32757805765609305	0.10560664379907672	-0.0018890349966174127	-0.03272561546622399	0.07124119192509214	0.02178838986738433	0.1427739006265817	0.10098454317679434	-0.07410438584246205	0.07737239860620991	-0.03480560856951638	-0.04078542945824694	-0.1710866792759981	-0.04256695632881726	0.0010949802715649096	0.03605124827940653	0.022271808621477505	0.024208288649759453	0.05070383692326028	-0.04631878405657255	0.1420385082039755	0.014888964490086363	0.004380545227532249	0.0
e105	-0.25271897538698185	0.10933599928499882	0.05099504262762752	0.1059606368666104	0.01635179280158793	0.15138553230683693	-0.1330274885266951	0.0829767951259138	-0.12792983813868647	-0.02582658240147072	0.040319045548699195	0.01917651925773305	-0.02739885620776781	0.08519151095643325	0.10640382257366288	-0.0007698289248983227	0.05775679234222697	0.06734440744757919	0.04121081467791656	0.08235857336418761	-0.05784855258464603	0.0800079809370306	0.011708337407715458	0.0
e106	-0.297274219420404	0.10209416003955035	0.0017490798901108736	-0.025126975919961794	0.006174615327655806	0.10020651959385625	-0.10035389635614432	-0.09965353054113926	0.04748475502507252	-0.05193580304033345	-0.01986584923353449	0.29088396775310454	-0.05043792514727071	-0.0877750889981019	-0.07364569020607858	-0.006503523179857475	-0.027594244660298528	-0.030418411816004277	-0.02552792159243451	0.004165449166128912	0.022353247860109025	0.0006515005904215456	0.004100676357401053	0.0
e107	-0.36938326349668826	0.12643513082225996	0.03736489302124379	-0.021553467874807997	-0.04570945560534652	-0.024838211096360453	0.1264613566234369	0.09114553731858908	-0.06862582111215727	0.07173371225140165	0.006550289530061514	-0.029427806939720805	-0.040817126813307056	-0.055140010118636916	-0.0335815984046353	0.09138695968548265	-0.04537053785794139	-0.08025063766415085	-0.08460987642266721	-0.0023274792464480724	-0.14968354122734692	-0.01605350070329708	-0.007287373382497161	0.0
e108	-0.34518588397775674	0.059852343284350254	-0.0784830317929066	-0.03706905220482202	-0.0884830973654063	-0.004784084391491662	-0.05036814155894015	-0.0636381145755112	0.10714321239298578	-0.048574787795241874	-0.04780184987669191	-0.13297226521757063	0.07613825006696173	-0.09381385834598599	-0.02235037547670345	-0.04276901465931944	0.17285555230288027	-0.06326661416209543	-0.019513120135720895	-0.025266206513848758	0.0043312586972071914	0.07192219534865238	0.007495721116747802	0.0
e109	-0.2986350571308569	0.1053219095709727	0.06340985964212559	0.0393666331050482	-0.07681848079757989	0.03498598608935364	-0.16565403016822913	-0.13237494780663456	-0.03971878908055845	0.13389461518679258	-0.11197804923639575	-0.09271299115533634	0.07805022363355088	0.0006611778367770549	0.03927440112629867	0.020546069497024158	-0.08815943112143217	-0.008263551927495469	0.08028140866312787	-0.013611462809688571	0.014615516364097594	-0.09186156267529205	-0.006431739323219796	0.0
e110	-0.38236923895003966	0.05906987261908918	0.07020300868323398	0.027804488555642434	-0.057289370045559666	-0.09883282048125576	-0.031343926862762	0.043028005750023225	-0.022418044553477817	-0.039552441603631784	0.16514142011181387	-0.00924517829085481	0.10029869533130568	0.1337603964441619	-0.023754447382021145	-0.062143956638617756	-0.07620728774176162	0.009377145049864585	-0.09819261651340858	-0.06474391053604837	0.07332388197039762	0.015378272495096186	-0.00015306557073472757	0.0
e112	-0.3839003292611827	0.032144165000316915	-0.04605756475500916	-0.11458937394544602	0.031286069158157355	-0.1664591452147163	0.17135354638639794	-0.03932028611121497	0.16350766782148787	-0.09800498575684716	-0.020366068494556935	0.04031086462440122	0.024034515626911498	0.04655593947227791	0.07717019504612292	-0.016107562144208214	-0.020034353109800188	0.08502611756120906	0.07721898513815388	0.06610539374092252	-0.035628255269188044	-0.031193776590096818	0.00028261300554262184	0.0
e80	0.0913121116220311	0.030383837372668372	0.07571465147098537	0.010644158070132085	0.24399644603560164	0.2108046144551838	0.11587965062067965	-0.07235520131410053	0.01623037836090838	-0.09510144969128158	-0.06551450520333461	-0.09640228043124156	0.07692561336184463	0.051083265500485676	-0.12102858803666165	-0.001791417848128999	-0.07977027884996789	-0.009507853765986141	0.006910530977649378	0.018425880331478236	-0.0033403277044471258	0.044522557425049576	-0.007368828213406126	0.0
e82	0.274113851514226	0.0562507378585165	-0.010152182491106408	-0.26175240719562914	0.018779338034351282	0.12530792435597843	0.09506859900898113	-0.04538603222161171	-0.05748234852730183	0.07314076399058712	0.04433791794240738	0.0841236632663963	0.11701433244225237	0.07318326473653682	0.08689840219102092	0.055136261114332404	0.08806483673097161	-0.030619203158628035	-0.0027305468797399614	-0.06630555637432388	-0.0005853158669526625	-0.03331830883363598	0.03215981345836236	0.0
e87	0.2496630594678597	0.10745177071475515	0.35451454915622205	-0.0659378255045314	0.16354826350688284	-0.1744853250299409	-0.13783941070902003	0.05270010317563287	0.0019697589281599277	-0.11348091541777602	0.01467631326600906	-0.00967367311349518	-0.006332931476067603	-0.06041357944116244	0.005733261271168814	0.0770501101002055	0.04630340945063699	-0.0019308876013348721	0.02407347675132411	-0.03597508292535916	-0.0063460504303252015	-0.015093664181632634	-0.014045590104872892	0.0
e88	0.24418083584219513	0.15951910519112558	0.11239559226625886	0.23715610794366407	0.013643774867447332	-0.06049778066605688	0.07407250263387752	-0.015961300213465382	0.017764057410638173	0.05584879369585704	-0.023248312677753614	0.0008084681082810303	-0.004665496607284415	-0.036356400373039034	-0.020638891121331646	-0.08431459080661194	0.0212013484000294	0.019880005393572937	-0.035279035886073534	0.02947367230215998	-0.004218513261250863	-0.041883929075857675	0.09326866367631485	0.0
e89	0.15703490982988594	0.1248766389979604	-0.2100629473921053	-0.01465671825328102	0.22950898729360053	-0.09135156771686398	-0.10455433263162882	-0.13708622574099621	0.06429169305566217	0.11063180486571708	0.06106547519299096	-0.04844143730408702	-0.12102031586568932	0.06531889113061691	0.05022862299188847	0.013878137381912618	0.0018192378761353477	-0.04742862038342209	-0.07727028760331377	0.045689859933296606	0.0043042941827819954	0.005421619565309691	-0.011754162339498329	0.0
e90	0.1538559863421954	0.1502085113883775	-0.2448429246573535	-0.12775706697761782	0.05870080045924285	-0.0019407233710870533	-0.11319262766296032	0.269812899937874	-0.016190329789996086	-0.019116807793323285	-0.08011087879052363	-0.00016610277325405682	0.06575405134360249	-0.01349362878471473	-0.06732534002892811	-0.07386429341808942	-0.005894025585215469	0.01508848556749603	-0.005696206006500673	0.03319534369294394	0.0037859626340443968	-0.06372387229214935	-0.0017090027179348986	0.0
e91	0.22283713508955594	0.15770673756542394	0.01731152960094084	0.24785858235998956	0.01886262912467492	0.015224832160778948	0.09177535700855986	0.0573994164279439	0.09340252621933368	0.1362464633331424	-0.008224796553400741	0.08896779491593655	0.08030544925143673	-0.020531099868402746	0.04378823139986016	-0.0462919452654282	0.04034324228698514	0.018208084959856628	0.01480462697249342	-0.04779340903559646	-0.009416032933718085	0.019608413078940585	-0.07419536028786658	0.0
e92	0.27172214748881623	0.10799166505407617	-0.12832087210596776	-0.03557787258289897	-0.07770903152100186	-0.04726498954548057	-0.024288806210141047	-0.06887745210973399	-0.058855372189528785	-0.07600676510219162	-0.04695890302879528	-0.011584368825558843	-0.10930686071288549	0.01786383222132964	-0.0008138422483206512	-0.0781054199006841	-0.06398740072878449	0.055849700422666015	0.04650160298430759	-0.14867983942821653	-0.08087038425864176	0.05161161019525457	0.007859495358708075	0.0
e93	0.33418570380718593	0.14652894080634737	0.08503117633475077	-0.12752029794597547	-0.19654722295278537	-0.11927875717471746	0.06737855060800964	-0.088516884080318	-0.16037977817030016	0.02673639836158949	-0.05501546646416886	0.016889320295440123	0.0019979100815337735	0.017903730774237285	-0.0527661711271217	-0.044283193276818185	0.0037274130844637196	-0.0188994584096984	-0.00874116043471831	0.11642513068067176	0.040533233804666696	0.04851625642196738	-0.03112980580524339	0.0
e94	0.302637350984472	0.095307571172164	-0.14308192644461012	0.05919459305356934	-0.12369685597449462	-0.007639294068617403	-0.018796578330851955	0.04903745459179275	0.09222591505030883	-0.015478471569375459	0.11543490326229475	-0.016525771366053408	0.060407682949884606	-0.07716363604083884	0.007460164641660272	0.1562210233311865	-0.10248720203982167	-0.0247227126244671	0.06511688318105707	0.026732247251851034	0.03531433682023205	0.0663965950495532	0.0255314588024206	0.0
e97	0.15594604754152624	0.07992275171953349	-0.07149382016535291	0.12439895612150725	-0.13705931596279164	0.12673260766224143	0.04067277524457006	-0.0551481432805673	-0.018594530214413974	-0.19529198345728332	0.07626928625403934	-0.06025275864017584	-0.07681477911755304	0.0038654781027237716	0.0059153084729293495	0.045256433383132066	0.061609857001730085	0.030248562713525495	-0.04027160475596723	0.010238434382411803	0.018899276231833184	-0.11924735004937982	-0.029681901426476795	0.0
e98	0.03324286044548242	-0.39825394768984224	-0.02584594418018097	0.14346531642697208	-0.03665496381546925	-0.06891809673251373	0.0023907937813611706	0.06389380017879104	0.00937412188991935	-0.06670225404755983	-0.12234137757981481	0.05464285404182113	-0.03540299643517084	0.15444804226174258	0.005794093784018871	0.032943339895829385	0.021147904501035982	-0.1664849340347372	0.04145012980366278	-0.010435574626385311	0.011508136504609606	-0.003099972779246875	0.006906147622857607	0.0
e99	0.0096527308880221	-0.44578347275994534	-0.06955046253373992	0.04253410687735664	0.002438815646973334	-0.058746589705929886	-0.027515498346490145	-0.031107536189576915	-0.03699507183671849	0.04093097287415416	-0.11542764271249976	0.019573437887958397	0.04989910005069888	-0.008546522148451096	-0.035564770185976625	0.12103291247644554	0.025068424375333447	0.16786221530620488	-0.0942684534064305	-0.011112303502166111	0.0065070886207835325	0.02012966881707416	0.0019432009336198585	0.0

Biplot	0	0

Site constraints	0	0
