Eigvals	49
2.9423608655760067	1.66684213930029	0.8843848193850734	0.7824145698846197	0.6260112867664194	0.5717389072892347	0.46083152176041514	0.4089593134192707	0.39718902212971335	0.37413838974706787	0.35868474727490846	0.3477232723982519	0.32320053716630853	0.3081743336641913	0.3066466625906357	0.29517796458322315	0.2755095129747567	0.26844846141891743	0.2565051906058222	0.2531911412223188	0.24461086771295976	0.24051424739271166	0.2343880493741031	0.23249494755854241	0.22593181601868945	0.22485524875071256	0.22092187563644597	0.2119449001695578	0.209463822833252	0.20618577863376766	0.1987127797159622	0.19325258608416396	0.19085328975356342	0.18403491045367598	0.18140064061368663	0.1806996136302843	0.17920227615296566	0.1706357445144797	0.164345304355262	0.15634594654811412	0.15127858648583695	0.1469402629355908	0.14008274699721093	0.1373602507597562	0.12783523601376975	0.11661714409700384	0.11364133163399312	0.1068602642869991	0.0

Proportion explained	49
0.17107203625308592	0.096912000910102	0.05141908786701606	0.04549042751016928	0.036396971832202835	0.03324151711620062	0.026793242025304535	0.023777335849524597	0.02309299841092073	0.02175280976691206	0.020854318315313057	0.020217006335866382	0.018791228043439773	0.017917588354870426	0.01782876790992241	0.01716196543023551	0.01601842042663958	0.015607883268577913	0.014913488613788255	0.014720806205959863	0.014221939843907733	0.01398375791723117	0.01362757415276018	0.013517507170082654	0.01313591961912816	0.013073326836288052	0.012844636278351	0.012322705236349487	0.012178452722326151	0.011987863694755048	0.011553375472476502	0.011235913921836621	0.011096416243746738	0.010699988312548947	0.010546829021029195	0.010506070555634258	0.010419013738708842	0.009920946343860117	0.00955521336407659	0.00909012206790143	0.008795500284957203	0.008543265471631532	0.008144562094033768	0.007986273224547471	0.007432478587390489	0.0067802466162791755	0.006607229668048763	0.006212971094060939	0.0

Species	0	0

Site	49	49
e100	0.2403998434057904	-0.447680294152806	0.08283616849301612	0.011720400179557491	-0.00028456627120310136	-0.051080849834213515	-0.0321505179568759	0.008251581376998437	0.004306854669914954	-0.013130122925095635	-0.12214910084120835	0.06259732059353648	0.10008212876373193	0.028576269409476895	0.029914410822000637	-0.015854800326834735	0.04049676318509363	-0.016617307768153233	0.032005693779565005	-0.030429592673321376	0.010296835692560444	0.07767201952168917	0.05957654058259201	0.168333552666509	0.02141523940771636	-0.018260408468876815	0.008209895160893575	-0.09593556301525248	0.010753633952566061	-0.03933399131410749	0.02540146492834102	0.08838910964864026	-0.0018669971643255321	-0.02731632201061495	-0.015214332243903039	-0.0005875602797081596	-0.0785110642099942	-0.03657584587353003	0.1282050224489936	0.0054931938280118435	-0.02089079301716875	0.187901316087407	0.05483393781868601	0.0719599774634206	0.01385966338103304	-3.190125710148086e-05	-0.01944845583102337	0.017679054366604146	-0.0
e101	0.23065220587170832	-0.4269884518967734	0.09327655379190584	0.023175512418480607	-0.008768951623337245	-0.03798262117917911	0.030621560009806592	-0.009763890434947516	-0.013780286212533438	0.030039873685360218	0.03039780962989316	-0.035970608464971465	-0.06834380521462353	-0.054248392698232256	-0.046013149710650667	0.042618062091058714	-0.09080379407735735	-0.01836849473877431	-0.05714187251951062	0.1593116201409331	-0.10318603628190971	-0.2322999518882174	0.10407880161227218	-0.1421168539498278	-0.07822386859163498	-0.07469410800425767	-0.009008948153358199	-0.02688771827900952	-0.02939817062538243	-0.00595995979358871	-0.11604174698679383	-0.013992745550010564	-0.015700242844122574	0.027574903075961582	0.09131038591121789	-0.0026283228309670914	-0.04152285209777004	0.021270306003706694	-0.02478104254961966	0.019605763462351596	-0.004324650572310016	0.08027117539754043	0.011125124370565922	0.0024061145383802354	-0.0017168762716341325	0.013573119114881241	0.0020532621064192707	0.0036999381901200905	-0.0
e102	0.22471321202096087	-0.45749911943699445	0.08365615212798594	-0.009722736373503713	-0.006827716107452428	-0.07537619153610592	-0.012482806069442395	0.004809446264441211	0.004142522365760661	-0.003838785160476455	-0.07895004370568771	0.024859908011615924	0.07921458099358274	-0.014048332424443515	-0.0219378959043747	-0.010835597465020615	-0.023119036823924237	0.004367932862776493	0.00037749572714223053	0.06543423012294673	-0.028861825851231152	-0.03880032689786274	0.04668276600380643	0.02257594671924486	-0.02287117245469839	-0.008973235727396821	0.039831607916913044	-0.04953444282498942	0.052757624893892796	0.05311424365339332	0.09493520619198505	0.05625492708263742	0.07714433527030536	0.07975061300561	-0.155081362754644	-0.11919513000620292	0.11763835844121151	0.06083058574335863	0.033476625845388366	-0.05071413286661336	0.022660686586425654	-0.15943081385966343	-0.07807169693638547	-0.017995337331049292	0.012042143328885514	-0.017143920296072052	0.0128066430453499	0.007145417306665787	-0.0
e103	0.19870790068111363	-0.3839203386598902	-0.03854695126302322	0.1312850942620601	-0.017847296540920096	-0.08917570543145323	0.020394967793566386	-0.016180150356269556	0.049782506732338035	0.05133088439854638	0.35521084764031496	-0.1559166947784384	-0.2514948879977571	-0.09232175980685921	0.07396247213634671	-0.08141850510328716	-0.021273708934849055	0.02606501094236586	-0.0007919920729747144	-0.029603966343524683	0.03278437603540671	0.11529536092892795	-0.020691418782045362	0.05977725082483941	0.05538988450714564	-0.002860424329195622	-0.030582952700068777	-0.051546998346145026	0.019509765758875256	-0.016144494672933156	0.039082039957907176	0.01590956872109302	-0.020009710102135793	-0.02613813598243249	-0.0006474674205940944	0.005886722373610131	-0.0015900279804911316	-0.008513886544880122	-0.005191065919382372	0.001235339127758482	0.007396158290634231	-0.024081067210793224	-0.006323345165582055	-0.01235218191835067	-0.0011609960900780848	0.0017683849054852755	-0.001572112939837643	-0.0035412427267768843	-0.0
e104	0.420642634238655	0.12236509784852406	-0.0216648013977051	-0.1498418184488542	-0.14316314491012164	0.26578194067209215	-0.02244548672474618	-0.07551604445110327	0.15474622877975722	0.15461618881104316	-0.008406505856520873	0.008451777896801956	-0.009339352745816735	-0.023629043886837023	0.025266241260997115	0.0017338350733231522	-0.008011753125080205	-0.015580015711115848	-0.0021392355720915796	0.05911510009871716	-0.0028852293679557223	-0.00032638202911055355	0.009989022435748725	0.04948707466940762	0.004600816184069331	0.0061120347091424415	0.08831579499542402	0.03730614557113305	0.010712700544096272	0.012637245942435298	-0.008760558676777391	0.01908610490474766	-0.0026253103877205155	-0.023809866369670578	-0.016348905963652037	0.008180762789278272	0.014957684144785478	-0.04637171032701445	-0.0006114112087324158	-0.037295298597269745	0.07017459440968991	0.03960075066555399	0.016736100115451277	-0.03396428669970252	-0.012913894554541585	-0.0628480216897781	0.14137322097530255	-0.15231248264711553	-0.0
e105	0.42002071474521147	0.15402639376997182	-0.04442451631473091	-0.13843569977709022	-0.1302839669245859	0.20975268728988752	-0.011006000887079205	-0.05820700844953925	0.157311701216657	0.13287867753257945	-0.03521756098886105	-0.0029754384792601593	-0.012467425043795019	-0.03993662104709652	0.047696785026032584	-0.014465239418914972	-0.011007013137187738	-0.003913619801297474	0.014155972224944524	0.06249154798888045	-0.0411089127604814	-0.007629693085076039	-0.010065347332450287	0.05547104937792003	0.047820066288996675	0.03247538786792025	0.12525881449278223	0.025309780046108017	-0.008870921768617049	0.008138218135272773	0.0036395777404175603	-0.006840956978670161	-0.03361776643506335	-0.009924639199845441	0.014515859538917	0.010961145567589462	0.011221021203250449	0.006306705635049772	-0.035660859602916706	0.009160455519843251	0.0013999683775992766	-0.015190696185032111	-0.032786766434585904	0.0028510083311535078	0.008047508046658085	0.07505406907866166	-0.15787537888165867	0.15226739996675295	-0.0
e106	0.37174260590109415	0.234735695339611	-0.07079254247776762	0.09141148399853756	0.099227370973659	-0.17227693086354318	0.07857332100893913	-0.1591176418125577	0.19378322007724275	0.19158000994016477	-0.08593842220624151	-0.028594953623238717	0.037969441114501484	0.0028012554729917455	-0.015930496304822975	-0.02837512055202629	0.06381813579167128	-0.049943275295914406	0.0010597654171846998	-0.0989671713335955	-0.19592418421497088	0.07681896009866607	-0.03881031649368043	-0.10564626852420854	-0.0325723291397779	-0.005223310196357986	-0.15744949522082766	-0.04701498073449465	0.002139223141133142	-0.02917618982524865	-0.007399984849012933	-0.005169267533862576	0.006089545319900875	0.010183804033416451	0.00040764724985933295	-0.02234808220436754	0.008479144571194839	0.051995008890275016	0.028996500233924156	0.034871555105595226	-0.06623011466755062	-0.024959039294021858	0.028267098812015577	0.032327178778448366	0.004332994883141982	-0.014805576308002092	0.02308724451636297	0.002100487945398996	-0.0
e107	0.4180939704222037	0.013919164195511988	0.003725306962491847	-0.14643537774786078	-0.13466458357692151	0.25189537131605644	-0.07895298671579144	0.05017272519845009	-0.040715132299697594	-0.06899875146662637	0.004384852350719233	0.06089450634046209	-0.04468131469095282	0.026758447883605943	0.009568025201755374	0.03781780213437632	-0.006861651574490028	0.03259633490895726	-0.01387100238466147	-0.09267515874972576	0.13192032019559707	0.0009205158339925818	-0.012134769559584365	-0.09197429860215882	-0.06944629251187649	-0.06028037663612444	-0.2564863385251381	-0.06343374231045969	-0.011958180519736308	-0.05634472315889863	-0.0013575841493290296	-0.040983091287992136	0.05457118803208702	0.008839077991192304	-0.05540910057745923	-0.009341092462798652	-0.03782003530709366	-0.0009039907699621023	0.004456385322000547	-0.046780300674084285	0.07034701983953535	0.0052881171418965815	-0.006726787797905545	-0.02098082854588682	-0.017958952421684365	-0.04826014715277237	-0.00938341207964207	0.0734622037541843	-0.0
e108	0.4392672842839107	0.26979998617358225	-0.06293829430066314	0.06391024536002128	0.14288138602946188	-0.22418800322157256	0.04967922389190391	-0.05579461407573325	0.013099807907775415	0.03233979045080773	-0.017112237387660455	0.0010670901097869642	0.016090944709004126	0.0264267842454081	-0.010126486607471554	0.02891444227589353	-0.030585691351317845	0.01436082506749754	-0.03548666546390141	0.04924013993298484	0.21265067467593343	-0.05710420291791487	0.005979685315863502	0.01412585337668594	-0.013378549419394807	-0.02042476956058446	0.00825830423533584	-0.004197068062008344	-0.012293046326278922	0.010490425229500321	0.014786099633956433	-0.006894890529502344	0.011072998987843634	0.020674014265868054	0.01769840333350906	-0.0012343770152867222	-0.03040974796743294	-0.011255603876444841	0.018824218127814533	0.008491934733347641	0.035837883519208594	-0.010146099688529716	-0.011660155654172293	-0.005682342735906345	0.004922375739167736	-0.0764435109191735	-0.17605584383265668	-0.1251135797626667	-0.0
e109	0.4625183545830313	0.28459194523792153	-0.05166506996764095	0.048813427807387205	0.12553089025174344	-0.18318546161295274	0.022336518483257146	-0.03381263936536766	-0.008472490590831425	0.010662896378518923	-0.016953740066224163	0.014423633254282442	-0.024333155441382676	0.02382804179735756	-0.0022846745756107184	0.04362875154309703	-0.03750741967806628	0.03505638086822216	-0.039384654211362224	0.053029286213335775	0.2091912155881885	-0.055870897875763006	0.005674628420169523	0.054143651299689136	-0.010857781094492112	-0.0011188995449100778	0.02865147229201805	0.014836918670091378	0.01655680243251098	0.014979677239314575	0.028763650295736	-0.0021566899999325368	0.017930864223149885	0.0015967186406251903	0.01837735203660622	0.017809892994035126	-0.0017762525578972435	0.007562083479564304	-0.0026249188910427287	0.0029331619041154684	-0.05970324068107561	0.0031619025245446506	0.0016074522471142467	0.010036338888811504	0.005032646597931611	0.10580207007359675	0.1759798881863472	0.1085595372344369	-0.0
e110	0.4481804345184628	0.135230304694988	0.006383106909915276	-0.11404340303321757	-0.059429710074566745	0.17331270659465467	-0.08852905341597432	0.13485068046961463	-0.13575113319927024	-0.12864739100991296	0.041651973164423116	0.0415569599964606	-0.03472320081687616	-0.022016618330001944	0.0107235649786393	-0.016803775947347454	-0.000496395701268839	0.029573624250031575	0.023677014653187084	-0.01677019347890823	-0.04186573387849047	-0.002956861857126655	0.00783914549014067	-0.0019723086386996156	0.022145477322618526	0.008345335561424881	-0.009977641030513277	-0.01731220372144401	0.018724068356690316	0.010670102611024863	0.021800966724712226	0.002426931323024486	-0.006571357999992198	0.013355598832025512	0.038326962441375574	-0.01849806523365479	0.006422102472547246	0.08739659981738121	0.04579606694238207	0.11399417273095862	-0.17415133571355698	-0.06568398092574929	0.02699247379390315	0.07196011298967403	0.035083836722704924	0.08936297331208716	-0.017586791246913595	-0.11709280856660818	-0.0
e111	0.46228631069258713	0.2686214811128524	-0.011154337453282703	0.003325029504516081	0.07766730995190302	-0.07412311124122532	-0.0579063018102583	0.12385239607682273	-0.14515692024345736	-0.12541815310389087	0.06492576202765783	0.005871741075322709	0.0037372417013524367	-0.019556801086742726	0.004820276464145512	-0.009015051824841372	0.008567155983201466	-0.001593962352620516	0.018736573828199186	0.010311312223029709	-0.12792158193511688	0.010494961122615302	0.029317576873212126	0.009864226444595791	0.042840990578083854	0.023148427645944197	0.09639650469570438	0.023174723187220508	0.019705153577978387	0.01613938443995186	-0.014235376429286925	0.021457504921857183	-0.03071714033855933	-0.016366842140202637	0.020909032068277274	-0.0010994095746114816	0.01954749339660101	-0.009198235137931369	-0.01296947292391788	0.014046471724844009	-0.021167118321593563	0.0021737144446834426	0.030359885456825657	-0.010026095268051777	-0.04683611343755854	-0.2224310057482482	0.025210257827202855	0.09515708006558282	-0.0
e112	0.455625680480823	0.22262750968650366	-0.019332431301206123	0.02234281586835367	0.09498045644626267	-0.1402568220518547	-0.02919134541461598	0.09733564686503664	-0.1332414868033941	-0.11519439988635011	0.029430729526014426	0.006211552389087075	0.004721907356513071	0.017811640338400662	0.0026522650145656573	-0.013696470927725567	0.03631800888265397	-0.020001065706145023	0.019249683134167046	-0.03094065570212604	-0.16866694067252588	0.03867732287447154	-0.010412491618384001	-0.01286358676592919	-0.0002060442639806742	0.00010710405400712571	0.007273187857045628	0.026812577517800255	-0.03942201153193977	-0.02275081469587002	-0.036078989394979645	0.01120482934622881	0.0003033606219086659	-0.020032244162316963	-0.05931273119407002	0.007584895039354972	0.014108995905963772	-0.06149844301855592	-0.024013707143178853	-0.09671293438091413	0.16592702592696734	0.053494935225421404	-0.054927607408365976	-0.0421640807025367	0.0261908689797722	0.1506689129520488	-0.012204859241140054	-0.044111622574153714	-0.0
e64	-0.19863337052162314	-0.030168089918318923	-0.256170089740291	-0.011924271036403998	0.02800617339443025	0.010294867738358549	0.13265559475194932	0.03760879696124008	0.021182000314597393	-0.01571411755463943	0.03526853402287928	0.08549278689211205	0.07329027550214486	-0.019815844420761227	0.058565213522035024	0.0891621426085659	-0.07405579827288232	0.12587889299802224	-0.036868762405573734	0.07343061991248206	-0.06290893815977572	0.049620708882299455	0.0007584909863090823	0.024185670706782604	0.12849745879973143	0.07518852460665415	-0.006558394766734909	-0.06746056250048081	-0.08028936595643016	0.04963705920227498	-0.06023094772070516	-0.01900604113784167	0.2115558595968227	-0.013902246189822342	-0.006093530845984402	0.04332575509955453	-0.1127014549786524	0.09311520181273425	0.0046167772803942485	-0.010858796827354562	0.015635875773740135	-0.023581899574588207	0.06979343542698051	-0.07292779663876234	0.010354197652411598	0.0027580240987986927	0.004001019428144015	-0.0013334494742790284	-0.0
e65	-0.09317878850610532	-0.05492756856815151	-0.2854779456066527	0.23990715744380306	0.01212016811992727	0.09205905652575934	0.0634812099386257	0.0053161301148303836	0.011035239405925672	0.018640394312563396	0.2104883293975696	0.14859194085963662	0.23793858118031072	-0.11740483580047724	0.08027048461969638	0.005374271174692947	0.0889369819725757	-0.013252633130479717	0.1190971386138634	-0.049764131411453146	0.020046301328449954	-0.14606087856171665	0.030373811515060026	0.005635301618546612	-0.0910453592222146	0.05349202559096385	-0.03497427901203971	0.061848108063047774	0.0486492340988175	-0.017505658572116067	0.042298455969875144	0.02541271508999588	-0.09200196224121994	0.022482738826676958	-0.0004521635252622878	0.012638667345839167	-0.0009587673680528563	-0.004575180931713603	0.0026138346889780987	-0.030048550339547342	0.00480202910156231	-0.009946589578679837	0.036928813327101316	-0.003704838349380561	0.01977416579155681	0.010851765161121251	-0.0017448724258878532	0.005786105978269176	-0.0
e66	-0.15565658115399006	-0.02650453323883143	-0.13827783276459704	-0.1672113073449942	-0.04966071146397272	-0.05201549277850761	0.06526287070034077	-0.03534475798608683	0.06787744785454147	-0.0793865254381812	0.09507145760061114	0.017659768297799836	-0.03909273226544458	0.16425378326675721	-0.0913190146345762	0.07047027441015957	0.046539551906631456	-0.07884455269144583	0.025898766308111262	0.024730262843337587	-0.035188078320325174	0.045379320247840874	0.12804222903914778	0.11966224385944155	-0.087834737107877	-0.06040294946076397	-0.022415673916385593	0.10655988741490383	-0.022908277682649674	-0.05567340691427128	0.005354062571451644	-0.04561921302984149	0.09218765185006995	0.04838925225494587	0.03620180655964105	-0.0941691920526741	0.04902341150844179	-0.10855850120263012	-0.035132215999405136	0.10822416895443435	0.037551506172373475	-0.047104719657504596	0.10317008525823408	0.018767862255863556	-0.005171162802059159	0.014856951677377245	-0.009393517118720605	0.013051653390498887	-0.0
e67	-0.21505177974737882	0.030194573062711276	-0.01022825724689442	-0.1347235327176081	0.04045969076916495	-0.02974128282328729	-0.05764002956662329	-0.10124814504450261	0.005170914370748054	-0.016131970898499045	0.11417199820402309	0.1032295661910302	-0.0020694054224663673	-0.0024485184315900252	-0.11680706010830169	0.037367450834077394	0.07218078302736897	0.021926190756533032	0.08265364848439936	0.11720539930169183	-7.440447208215924e-05	0.1412223573056655	-0.017538771895985947	0.04595891069776989	-0.11600852850711463	-0.08878128500618841	0.014119708734173377	0.06815078238485035	-0.05471178238450905	-0.02788028882306004	-0.0642909195324966	-0.027267533994263505	-0.02937122737145458	0.02005593331729894	-0.04761245825068491	0.014392933945178116	-0.06000006123995107	0.11936943447231334	-0.008026777666851614	-0.06962457720141697	-0.10486741381174715	0.05876975593017611	-0.15430019193288083	-0.02327986832985314	0.0045119971919292115	-0.02560993450438521	-0.000470597971476725	-0.0054396667817633755	-0.0
e68	-0.17416392855300553	0.07205444062877539	0.09239929940089142	-0.06065607770262187	-0.059222431267267714	-0.047266653043231806	-0.10242399555811495	-0.07178020174573009	-0.07963864674571652	0.035092725384158516	0.08639061601207407	-0.0026032395464799718	0.1879816201158533	-0.1014722462442387	-0.018441757533472002	-0.06376127925054718	-0.18193905021817805	-0.022586792988141414	-0.045635462893147155	0.034298531149071915	0.00598804082888791	0.07180703306694201	-0.08004774291856301	-0.022426690043290894	-0.049098209312549365	-0.10134031919980507	0.045373563068424015	-0.05437373815163568	-0.02586813373194028	-0.10971177293184083	-0.042295582424281664	-0.038271361309198795	0.04165705266981242	0.019634502627234453	0.0003109307763213166	0.1644075787251264	0.11822797948235439	-0.060713257904317815	0.08386873206174028	0.014973366479527737	0.015917517149070956	-0.05024690510294078	0.05028965055998196	0.04524548675323127	-0.030191746798899306	0.012372274912524324	-0.0028205816669159495	0.008150491841489095	-0.0
e69	-0.17849870564858622	0.07875612520073876	0.03766954054639862	0.10248621865456432	-0.11976812810350423	-0.06339594666458132	-0.22296125998754557	-0.1396787320065727	0.006872095695764816	0.016087400659597937	0.08439408654055976	0.22072960085181279	-0.02528561404408501	0.035829519587930424	-0.2366708226597838	-0.05863709394347201	-0.04702169170323108	0.012450150391705214	-0.09558742466326398	-0.06163331351196485	-0.01219315325979723	-0.05440881662080113	0.01583988900325374	0.02519524236808207	0.07178228028531901	0.08147491085426452	-0.008200014491981891	-0.09368020897128737	-0.018109193369350313	0.12604820112129725	-0.017685522540284188	-0.061864328110828704	-0.08281267695061154	-0.07579746176402022	-0.05857931982232282	-0.06049575877592491	-0.004575342736631782	-0.01918713759531298	-0.010487060375450429	0.03869822134343935	0.017677976685028844	0.010257508965116917	0.029331845815324158	-0.023359607221463907	-0.0031836952828965433	0.012123141957665381	-0.004386078827375755	0.0013559588168325725	-0.0
e70	-0.2183774537640563	-0.027434306672341775	-0.2342550344439918	-0.03958134130027749	0.07156087125652394	-0.014767366269900913	-0.11143598341668019	0.10559326329130593	0.041924294179268955	0.02051578641089823	-0.08948751917556277	-0.022112232280610333	0.0034610857254283854	-0.0988789646759747	0.018694322729376635	-0.056868663923025475	0.0492399509974864	0.1337561692532203	-0.003795121559542602	0.09786101572787259	-0.015553303473805732	0.011215965521058276	0.013590768737874659	0.017223101684131343	-0.010219762281589499	0.07001791470408089	-0.09922031788286365	-0.03444880701465776	-0.06865950975881503	0.06622541231994608	0.02502750721373531	-0.0076272801276228335	0.0024122954745306327	0.01792563196473045	0.07454474724067563	-0.02889846704641712	0.0387320880323812	-0.14438798810036274	-0.012020925791703833	-0.00277191270983084	-0.02344688183808968	0.0030830345956159165	-0.09816151912906752	0.07953055534315939	-0.17339253537390617	0.013838118694431883	0.003749163500937875	-0.01607182252594275	-0.0
e71	-0.23309393131187062	0.03623906552970632	-0.12696049200531537	-0.023360476730066224	-0.09439930096285894	-0.09560443862892777	-0.12345845876746814	0.061329303686641	0.0031291443721535622	-0.014637601950822126	-0.13002584395164912	0.005233217232454276	-0.06249768025486327	-0.09156074079187505	0.04511713949583888	-0.02962191014896812	0.0035706549168819106	-0.03821272668128418	-0.02691475356338786	0.05090808128417431	-0.04685369861440604	-0.046679195472597614	-0.11134471601827109	0.06194888279422892	0.024153131040381356	-0.12450960408490336	-0.046405387037237324	0.013141549731785038	0.03638778098309429	-0.02924865217648448	0.11103718054075772	-0.05480930846339709	-0.03228190639564522	0.03143992829123909	0.07683663683572735	-0.0425554259787036	-0.012984287514070268	-0.0631314545110535	0.04410853325157221	-0.0554569955420817	-0.07505002413517214	0.006486181820801944	0.04827404503082416	-0.19809237581353828	0.07716060869690032	-0.0030717390516439595	-0.006467336391576813	-0.0014396506038753059	-0.0
e72	-0.2260347786583041	0.024696637000768535	-0.1884752147406169	0.041834180215970906	-0.11767214496409888	-0.05824790794870796	-0.015272399491262651	0.06519578961656367	0.016946824634034092	-0.012161103809695773	-0.06470006693159801	0.11916945208461949	-0.08151694117857723	-0.06607924345989466	0.00046294206639964857	-0.030204967100347712	-0.06582916420604158	-0.1427960511954391	-0.06234897988553915	-0.07694392735082116	-0.017589447020556544	-0.017515726765081657	-0.04413759797897086	0.05422365700432642	0.018137862621961362	-0.07427946375957792	0.00045299828469140714	0.05543973519109465	0.08321831401909492	0.032583587052374845	0.037384849540332846	0.02852809933110217	0.06010753640800427	0.006560754076705208	0.12277741245389781	0.03680974645091371	-0.03809346173803254	0.11059613678074326	-0.012641498857230527	0.033263916516222826	0.12345202281964295	-0.0032599062885018326	-0.11229931117049208	0.13564024276338651	0.038511152035356516	-0.027756120156154297	0.023180921613084323	0.0026834824173719444	-0.0
e73	-0.17716456502658037	-0.07245857022480223	-0.16191845417956072	-0.1969522918845868	0.12219083044182476	-0.01527825553178991	-0.034417232739725245	0.047540306250726444	0.009391540264165908	0.024166918899051634	-0.06618203086636486	-0.06167715714516118	-0.03136651143667728	-0.040064725126159766	-0.07083357182248097	-0.07361065919612926	-0.0015346249181729748	0.08874154140881746	0.15501560453709776	-0.010340821030189623	0.07689214268575405	0.04561712676167971	0.042157031439817194	-0.0745457322378966	0.011813499229702464	0.11633633026656451	0.014420382682298912	-0.06305856655123288	0.026122080621363633	-0.0014118251538272604	-0.09261052735152206	-0.06259487629668635	-0.03132625121558738	0.036189895693585765	0.0555165477886733	-0.019324117304998157	0.1246320931661553	0.009371218007138927	0.011832551261641878	0.00998019411773712	0.05377607549796765	0.041676780301063435	0.008881739359394718	0.018058420474202495	0.1915710173050701	-0.028563582155442444	0.015175594401892673	0.011974045989119962	-0.0
e74	-0.23573799632064535	-0.002438939966325873	-0.16983776437118428	-0.07402949530571298	0.035593217890020616	-0.05456644855368688	-0.13280682741952268	0.07352475847264692	0.023673797035690877	0.0014098492494280849	-0.07811905578395902	-0.05885477685132517	-0.05939539894624189	-0.09185450690667978	0.021279267051100455	0.020577626485509884	-0.014959332981150566	-0.024739573150438187	-0.029621543620053606	-0.013329842888433426	0.05816431233690721	0.03974434522313256	-0.05934058691557664	-0.056707049835104745	-0.05126109769884132	-0.03791666703273698	0.06670668529983899	0.029466728194512133	-0.09533254114302038	-0.019405472584912417	-0.007143945054331782	0.10233331399363031	-0.09394922444954519	0.03284564620831126	-0.1125009497913588	-0.08146641944211787	-0.014410969825238656	0.1277158997554016	-0.08880515105834666	-0.026214326993824272	0.036048494025907214	0.017702167675140348	0.17516096077735668	0.05114027441406605	-0.06567381346600301	0.019958400319218687	-0.0074626580100549626	-0.0046097832380204784	-0.0
e75	-0.1958100262365363	-0.021808109325521352	-0.21024259359181358	-0.06778185954998225	-0.02389915610165677	-0.0579047457319961	-0.14630985430567353	0.08139637890829579	0.01919922533591948	0.05793108323698586	-0.038608800693502116	-0.12177383532183894	-0.07194416278010081	-0.0030975822421448573	-0.04594931736898725	0.05408451222834024	0.09504467316190765	-0.11855241267351213	0.001831246915493051	-0.10704601650044615	0.020816511185782552	-0.0949690658446141	0.09183908649304345	-0.04330288865141899	-0.0349522673005341	0.039664699693373974	0.07150376547204346	-0.017520941074630033	0.08526501162328483	-0.030511152228389907	-0.07609026284874858	0.03454906800228628	0.10214379271104129	-0.09144765105595974	-0.13253223018787055	0.13671361439493737	-0.06189187359664281	-0.0694479033179945	0.021551037325946674	-0.0009927645646982631	-0.08348235566557818	-0.03902625296644383	-0.03841177389095743	-0.02418966371939363	-0.004894111879909613	0.0016969640798435116	-0.013921918159652356	-0.0045963127762242975	-0.0
e76	-0.16425949386113622	-0.04713812270567048	-0.12422195288233825	-0.2269994958668968	0.006229719007764346	-0.055653827916459765	0.10916554655825533	-0.057517230906862025	0.04715833429138847	-0.10207200418683898	-0.0013232712655558366	-0.021213853338118045	-0.00895657114551138	0.12868245012967117	0.02295568418987173	0.03264936317443563	-0.0902078627721217	-0.037775016518254906	0.08150131552165259	-0.03703326640768116	0.00550609142548284	-0.030167033135477507	0.06561695059679916	-0.07413105512875877	0.11265707101675668	0.021170200771532473	0.013264833964216047	-0.0040707797039367345	0.08193638938100815	-0.06117959693303415	0.05584663693963157	-0.06129099030431629	-0.12275014811579246	-0.05505140736041802	0.0323475967814734	0.009295799803380876	0.04211049077360329	0.10409524545269326	0.13140258148019382	-0.02456661957228853	0.029295693559501495	0.013453949024513199	-0.021194262354876293	-0.055277997334154914	-0.14835281393714328	0.027364636767769696	0.0021922488537093254	-0.009635535680850724	-0.0
e77	-0.1823317013712727	0.04830286912143886	-0.004140735686744278	-0.12743848848095257	-0.07609448337908953	-0.08998718406658049	0.1003323747335962	-0.051582141203113115	0.030029492783204857	-0.11250407465816537	-0.024532464514210352	-0.03070081291167956	0.06750673079971409	0.02477581200218258	0.19724745590567241	0.019641691756415978	-0.05170846950001502	0.04122962024497708	-0.027890879297399092	0.08694403618524787	-0.03133365262139767	-0.006044646882518643	-0.015358662812654817	0.0036430875360445986	0.05296395084659146	-0.0667960440651299	-0.04745789756375904	-0.04441473671905192	0.09909395922239864	0.023647129985871946	-0.024361172353775738	-0.093026753921218	-0.12363384331156252	-0.04204457580197546	-0.1550518812263052	0.0009094138418274011	-0.07892023488038825	-0.0809253746360804	-0.1169196503221086	0.050617430145344096	-0.014316835313364121	-0.013916999330667907	-0.028002491024663546	0.09015771430934455	0.06896936575701526	-0.018850427208763437	0.01710974504302972	-0.010845043973772154	-0.0
e78	-0.0538799216510227	-0.02845590970552927	-0.16564587454236218	-0.15004442916788244	-0.17861364400549065	-0.004485903093105884	0.14216107573328315	-0.013622779214801772	-0.003743065475269247	-0.05973521185973007	0.08444064150744049	-0.12833855626063387	0.08342707344904471	0.17432947240855928	-0.03685207576217866	0.021443094196136575	-0.016013180095847946	0.018976762697579322	-0.11554487256668954	-0.11672085889175296	-0.00633312744638344	-0.03021875438790745	-0.09206603667023297	-0.05350052048450539	-0.0399167590044667	-0.00761174578815216	0.04755260076783621	-0.05251367289095874	-0.13240568574783362	0.126909748716517	0.050325465642474955	0.14228056878735582	-0.04299194203538034	0.0678581793510553	0.04518044161890713	0.02386726283390254	0.027766141460139407	-0.04702269521556481	0.0062070066315212296	-0.04183735626086518	-0.056054224615457705	0.03727199442513528	-0.04876244103732165	-0.0007411023394238921	0.053161609698637764	-0.01495257222301312	0.005260226241392616	0.006177492506962904	-0.0
e79	-0.10829294043882325	0.09255049993697835	0.13545462852903056	-0.09360118236045248	-0.059539579152650304	-0.009841667246055494	-0.03811926017611244	-0.011241889751151394	-0.12338010558342863	0.07824829675157989	0.05565698979111844	-0.2116056623961909	0.15581411518815455	0.013511619941565533	-0.01113936156917107	-0.14845459884347037	-0.03573956771051963	-0.08189986865244549	0.044375664883037264	-0.008680154801486744	0.025882703027265096	-0.018469097464260457	-0.08775305651390038	0.019862822804704732	-0.04578772248071466	0.1186589925728517	0.015762556895954793	0.005691048065219088	0.058507522583099575	-0.011995277069224264	-0.03326732373966952	-0.04493254196915196	0.05822515096282069	0.046703771280970564	0.03294243940661112	-0.16224737348500656	-0.17827907840232762	0.019820959716848906	0.007560002584052651	0.04143746254812138	0.029891700221395947	0.005817141832745042	-0.02671234194485356	-0.025559552852772623	-0.03813216692318395	0.01220549440476339	0.016313542261835654	0.007768387359104947	-0.0
e80	-0.14188221552115915	0.05170079270010893	0.05871387742038739	0.1683739270734667	-0.10327891264022496	-0.02320792196346959	-0.12783978671282864	0.0860452387904194	-0.023334008529564573	0.16073819557560526	-0.01045402198468097	-0.09919385649852504	0.04407461640454233	0.21704019139319042	-0.03547446337431561	-0.10573435008983306	-0.04538711088949378	0.1975462898444764	0.07672767378153325	5.170507484726184e-05	-0.02812866059863274	-0.09210758163733523	0.05901202877874021	0.04956672343029071	0.11478666595036495	-0.07820816894762612	-0.07166156318077027	0.12445753549241324	-0.030177717240361706	-0.09271909709276982	0.03648800926577466	0.043394203679134026	0.0118567060186112	-0.012083687103484704	-0.020370672034003993	0.05357925933209033	0.015189579085387888	0.060901506092992275	-0.0582075260286945	-0.020970567989620617	-0.004103710774885359	0.005088600489965284	8.977619119402859e-05	0.02546343031205822	0.018110897362052753	-0.013109057690261017	-0.000844519469295973	-0.0057873857969239295	-0.0
e81	-0.0886232751645744	-0.09521256260673513	0.132332120289646	-0.09989418363013218	0.31741343977136355	0.11462433818960469	0.07563044122022783	0.009846047306402006	-0.038979740130367604	0.07732246024333816	-0.021109817909399687	0.018774242545632154	-0.08966921631150834	-0.028842761802317297	-0.12297508792623425	0.13944097866695665	-0.17391170276061207	0.013334358104412653	0.07413351383217207	-0.10285114471773868	-0.0775238897530987	-0.06256009159155149	-0.08674978849408582	0.07098039826500029	-0.031554410873971775	0.0720406608542182	0.006039520837355191	0.0074632241470455555	-0.01619900668958959	-0.029193211930987686	0.16135733646402595	-0.054844481245089026	-0.01529182572524561	0.06541962906914525	-0.042138297014909905	0.06395578071619491	-0.06512051018087124	-0.054962454540776945	-0.054945468028193466	-0.013617165741538168	-0.015298409478672292	0.006911969889915656	0.0022573311135349844	0.03230275188935749	0.0031528707231182683	-0.011999616733377126	-0.0028298256477430044	-0.008371923205755255	-0.0
e82	-0.1455684223039584	0.06926645502640068	0.21317600952420648	-0.07824617847423992	0.04647762194260037	0.00550793678911679	-0.00759224774504667	0.0748904837145334	0.03847114438573253	-0.03083558193443928	0.03152997667966894	-0.07025878674667574	0.0649809326362212	0.010474085268740323	0.004086904480429793	-0.03694954571158247	0.030364239558484645	-0.14251153760147467	-0.10119119012865364	0.13141380220847554	0.00999875093026842	0.03829775408008182	0.0537112376915575	0.03390383848762917	-0.05200341666851138	0.14123301774683486	-0.14015161078265131	0.01095701401732691	0.06325610972165685	0.08345244515744532	0.10774827980208479	0.028952234607980493	0.02183636564590965	-0.04332205280042914	0.0018736748898974284	0.12147705719678188	0.10187843147252194	0.09050142942255676	-0.09753356029154922	0.008148428141680531	-0.005567546192309966	0.08275005285972913	0.03384199148518193	-0.047061076746541954	0.006782700794138459	0.00412736691194457	-0.022279213311795325	-0.006116077470420646	-0.0
e83	-0.09293319307562362	0.12502691472361355	0.23636615682759582	0.15818810196952468	-0.06994943152497733	0.008010634119613298	0.058123501033286215	0.20567961257016854	0.1401062333872317	-0.022572013350626103	-0.00042041465758293963	-0.10593909497260125	0.06642890243172123	-0.06783604637645832	-0.0672526408281132	0.10246963818921699	-0.0006454793810583706	-0.12698320870000215	0.15653034504360297	0.018173912231092874	0.044226993846051256	0.012204167474616744	0.036089673834455445	-0.004335463224739018	0.041608331450071714	-0.08046178844262332	-0.008311137040712794	-0.04416428069081955	-0.18479123079783086	0.0846834356785586	0.022777616265917885	-0.06580629207417904	-0.031761378386415746	-0.12219824001870319	0.01780937618851571	-0.02675582993112759	-0.025118026891873493	-0.004896659473466654	0.048320141848257045	-0.014147385433350972	0.014707418263747931	-0.06025524825528874	-0.010044731540915503	0.02522752496259598	0.02565270381762362	-0.0031431586329699916	0.01905672685651868	0.005737911712069616	-0.0
e84	-0.12609019674859	-0.07206483540937496	-0.09274278766076052	0.11775282834363833	0.2548192489988327	0.1963438163328687	0.03995970960091175	0.08665589364354774	-0.0988083507880122	0.13550772570356834	-0.029639476172551072	-0.025982254616409454	0.06900070056675246	0.029141112869867997	0.06945544060485523	0.005900635829154669	-0.09928778692539637	-0.011592178316487005	-0.22102776701588328	-0.09933864279743772	0.012860188575212572	0.10510502874132634	0.1307503665290984	0.023720045952480298	-0.0452953132228135	-0.06982739039238975	0.022395176430433116	0.04810256314788099	-0.004970336726484353	0.001324536362586578	-0.050552669845124736	-0.05859198787713326	-0.055805752124298454	-0.09970097169548992	0.014589485297172054	-0.09913853600404861	0.03893025862754201	0.004993181374670637	0.005876445100010684	0.004742299796813057	-0.03041279751367128	-0.0017235667331395757	-0.04861920971273656	-0.04530369969636623	0.021718922145932077	0.0024343530741351193	-0.005698101048931978	0.002240757664309844	-0.0
e85	-0.19125938841055912	0.07436661708609672	0.16669916140208593	0.06896183233875287	0.0593924779203489	0.04479932960995526	-0.09007731767716441	0.09130868833197218	0.05681859192521904	0.06764492144564224	0.08601763221579706	0.05668129439608195	0.007652641322164469	0.038007024175471804	0.009199039504374867	0.1283853225708975	0.05642080257494757	-0.09033486868688304	-0.0848803763280699	0.049813818681861334	0.03331891510232528	0.07632618462578142	0.03729762919725393	-0.12335393156605295	0.20403437521050616	0.0246491167852864	-0.010165915707965885	0.05437371931910693	0.05801577033269938	-0.013881311532762968	-0.035256680221294814	0.03371149095720492	-0.031495883483737684	0.22743078205082684	-0.0058720461630094025	-0.012633147109492735	-0.035657889430008465	-0.06554499577023543	0.0582868961513391	-0.03324592533353884	-0.008501647106849128	0.004775222613671912	-0.007365871956859821	0.028965593836587283	0.014094924995492523	0.010623675730868887	0.0019387826089880403	0.007032193131436869	-0.0
e86	-0.15913647611630055	0.06949750100328428	0.17213062244411567	0.12133663910519418	0.023213127930360504	0.019322672932801585	-0.04757584851912825	0.1407874116593578	0.16704934258551546	-0.026079293036232874	0.04613189389272762	0.004687456093952884	0.020260859296920466	0.09175230016308772	-0.03125693427154484	0.14643635911399705	0.05909111400540048	0.18392687805233304	-0.012988690935909139	-0.004312429473330685	-0.019404003362883507	0.031545678117992915	-0.12172257718472826	-0.04227568100547079	-0.12819765109084616	-0.047729548958612325	0.09647486478594337	-0.10511642623967965	0.20227898337879327	-0.011399124075096285	-0.003184319228286969	0.02516978876351867	0.024790896090715494	-0.06079323053714535	0.07561953820990723	-0.03542855109415503	0.0112953899793088	0.009645355226767986	-0.016835004816698453	0.014859024212348183	0.036891729456559226	0.006927934868670038	0.014878462792114707	-0.009464107248781342	-0.023635388982429766	0.016612484076446464	-0.012561670807635875	-0.0033042040113369147	-0.0
e87	-0.19996262062270742	0.078499834261447	0.11505712942294842	0.10986290842582451	-0.07798033203644827	-0.009778023821929617	-0.11219519366283909	-0.12614070077969422	-0.1381759579620704	0.054569725599972675	-0.06483109776411397	-0.05329348475040271	-0.1263541269889293	0.08501091021335154	0.19852077480312508	0.1174944230821835	0.04795171708517374	0.05001885187379323	0.016385097548020446	0.007466424369022628	-0.048347974687663935	0.0020036968340904097	0.041698537460753755	0.08069558265440192	-0.14442346983020135	0.07950767971271873	-0.013357659720872406	0.010097189319421412	-0.04240020249172127	0.12126041481437712	-0.035772448532869205	-0.05009023231226992	-0.06389168588817813	0.058209278606739856	0.022371437369954998	0.07303955120919474	-0.016998060040660543	0.0403796711384332	0.12520545747098205	-0.017583195136278224	0.05956347040399017	-0.06831162614977014	0.03241028280952685	0.014303084196580078	0.010967830442722698	-0.0064408949724054565	0.0006936787522569986	0.008440181132146186	-0.0
e88	-0.07921177189145485	0.024410958964535788	-0.1481529094513364	0.31025981336590946	-0.13579456165529927	0.08818828806123374	0.1876625329074925	0.06053926041667268	-0.17399180922594754	0.09895524617291808	-0.08046397302512835	0.1156868315419867	-0.12741283320934094	0.15322895726604485	-0.009973537587574684	-0.059903153408752706	-0.06710692202382625	-0.12097539962436603	0.11085090783327459	0.1459873068817723	0.025639108346819074	0.08059410268980641	-0.08374134928091188	-0.08693895631155606	-0.04398770092761501	0.04573446624751634	0.026660379462060714	-0.06497825629704357	0.02089259226296382	-0.023506203932543476	0.0034504888955795053	0.02352818275399768	0.009224661533799583	-0.018085497876716154	-0.04817859207713745	-0.013370056054948384	0.03652664092788408	-0.0496404832333429	-0.019229414610262497	0.0082708498084245	-0.03785042951685796	0.025513451281009836	0.0056746875163432514	0.00011827611525723253	-0.022585960031527512	-0.0005865635726612162	-0.007675543468082569	-1.7480132599010842e-07	-0.0
e89	-0.15738824166754842	0.018616189737908587	0.11949159575799005	-0.15029992292015149	0.08684701405074538	0.026250437945492724	0.005891448624950014	-0.20693413174440975	-0.1582115805858939	0.04281229338077057	-0.015100342946304376	0.027163016818132726	0.0012329599692707952	-0.07288416864215307	-0.012293162101372407	0.016221217246911925	-0.01399563370226153	0.028482463086159475	0.11616976608402445	0.006096868523100654	0.016553790650560007	0.06331330664862628	0.05901125772429494	-0.10208977151107233	0.051115697563783015	-0.09733456246286057	-0.043118994399716	0.06289561441889953	0.08177994848877829	0.12935677639207357	0.02675626090396675	0.19209159512812227	0.031933150195258685	-0.11480284283826338	0.07870387342284438	-0.01882641313657998	-0.04385927171186491	-0.0663729498547274	-0.029111737602132974	-0.03240777496075081	0.0039459497036366375	-0.050493244491149544	0.03879267675083392	-0.005764853297640477	0.006507349468740576	0.019892793780414968	-0.01461852230132023	0.008661288207683606	-0.0
e90	-0.1930902623220355	0.10637839594565643	0.11815929207338573	0.054215197657265096	-0.1321649196460853	-0.05312945445406333	-0.05134644986079885	-0.15358697254615905	-0.11723429662436034	0.030198738668459037	0.002835040108223121	0.008532427020948802	0.004887486282477538	-0.08590056726012654	0.14467537675969022	0.1589637325346496	0.07674106369934403	0.00019767884550640476	0.02802558028661782	-0.09336294475501959	0.018285866059603206	-0.02519402387885218	0.05483598007006558	-0.05195147315996998	0.05750639881104106	0.01629119139257613	0.0697798085915015	-0.08195469468709551	-0.0853729591645661	-0.1105934002240514	0.0935074660586503	-0.031224343862567023	0.0922564788069826	0.0013586057273769624	0.01878182437915885	-0.07077612427116692	0.09931554309879946	0.021389579017090044	-0.1041074793375038	0.06807152039050013	-0.016553848198766596	0.09641633955573746	-0.06548613618662871	-0.019201392358680264	-0.009463878110061172	-0.005990890721101872	0.004723604311692195	-0.014663631667164698	-0.0
e91	-0.07571884830791818	0.07534835454509914	-1.9975843624873925e-05	0.04845385156852036	-0.15123725409766733	0.060653932231026095	0.2681281029134156	-0.038305507595905605	-0.16909369423291887	0.008810997764612633	-0.07537966598057429	-0.13092276088803892	-0.011690291355423302	-0.15915705661049298	-0.22587597718591243	0.08857351799920578	0.16241141273413987	0.07901143137859352	-0.11250101622042125	0.032441197808532427	0.0020479511518010996	-0.014835897115857847	-0.024485714823642105	0.09775247668036906	0.06545649819854343	0.009851978826599331	-0.04625645494230875	0.009354532818614094	0.05620089200192006	-0.07731471559199471	-0.04256558083998191	0.00925121704554399	-0.06464134748101842	-0.00507656379632497	-0.02366508535133654	0.008622590046575491	0.027983944401667644	0.023213165948125027	0.03568728986191027	-0.0032487690556211478	0.03216573237940707	-0.019900571364071952	0.013594769370036001	0.018726772651341192	-0.012169397967331368	0.00016028811171991773	-0.002038794195360015	0.0027855450369176976	-0.0
e92	-0.020230286695406958	-0.012465441404274908	-0.12490494505668231	0.3606602009071484	0.17798527362668107	0.2618860148258973	-0.12686036144359056	-0.25272482394163415	0.08904111926089266	-0.3046379417470989	-0.0740884144066506	-0.1782995414204239	0.007780754421157866	0.028903701216428046	-0.04364566717859725	-0.032288505606294746	-0.019133916738824523	-0.04167631781571152	0.014244585643011181	0.03526356992016293	-0.0017577340591699128	-0.0070535286263139416	-0.030255230228565844	0.0037310662307598083	0.04336164518943812	-0.020873199237058968	0.010977378706531801	-0.001568421391887961	0.0009577730498899417	-0.009795136323327647	-0.008157911002135807	0.008102733615377944	0.039846472116291214	0.028019086121548117	0.0011956337954834282	0.01190890964701223	0.002747554090448689	0.003661893480899351	-0.00933409195929204	0.0062018033128471844	0.0026443952040234556	0.009237792792941537	-0.01211288735589827	0.003134942322098143	0.009011653889143425	-0.002921904301104645	0.0023755699827669465	-0.0005132698450612281	-0.0
e93	-0.1854631665061191	0.07415250060395442	0.1659425276797257	0.018789112127653024	-0.05893828350958898	-0.03546962830174174	0.054427500047440396	-0.009866329326499345	0.11477856643526554	-0.1250612209468264	-0.031067546550244074	0.07946313926469983	-0.06786971460968656	-0.05226231162853728	0.022705699348460003	-0.08945423565478625	-0.037914946610280165	0.08728697804847982	-0.10438347162711291	0.04035646753793368	-0.003617757181807927	0.014783445170645667	0.04101968100659955	-0.11050408189508279	-0.07900471104642365	0.1588997110987725	0.02754168359257862	0.11789431309164446	-0.08294559249646079	-0.163189231447531	0.08384350835061559	0.08433060375674929	-0.0046886292379284406	-0.08629190362317557	-0.011891012855731051	-0.026315769946673243	-0.07170847700844239	-0.04232675729406103	0.09044222231343249	0.021041259140326597	0.005814405109629267	-0.03683029510025003	-0.02570550703190965	0.007431774486748494	0.0616470416316591	-0.015994450017228094	0.007649617877815984	0.007945722672944149	-0.0
e94	-0.07114977496123698	0.15595498792002171	0.19903515957976942	0.12392316082676208	-0.17196922891386904	-0.045013030786600475	0.16780426018746786	0.034228304732599364	0.10261710906084798	-0.10549138946944968	-0.08505494595190587	0.027996721975734305	-0.043583416172114836	-0.11136766737778078	0.005211984029286022	-0.10968830576171767	-0.12407490827645469	0.0609455010111306	0.058379188602156476	-0.16882357333064676	0.02218280054191789	0.04449171312951908	0.12961787586055237	0.03611840084157211	-0.049858958150777566	-0.00838811706654216	0.02057899042322366	0.03807912021035501	0.058661588104483735	0.07414161833702693	-0.099177269210916	-0.009512139197447882	0.026723290680139993	0.13116026618727486	-0.013904271766230412	0.02086600050017208	0.014894211135297064	-0.014454514117420837	-0.05680986377072365	-0.04908696903521179	-0.0617702218991606	0.037719677753316534	0.012263008881079899	-0.05092986511585372	-0.055530103826415676	0.013850950906332562	-0.014225998886342784	-0.013106270718023439	-0.0
e95	-0.20344597027282746	0.01851600954839063	0.14354477694321827	-0.06355796873364321	0.1862932674255852	0.04708709432954228	0.07357303703895644	0.044071238733625506	0.04101868861921766	0.011861337346070597	0.0022937241365712474	0.06869970709575819	-0.04968712930301165	-0.004298733097638232	0.07375753945958347	-0.05826274271322765	0.04578115471599043	-0.002137562713707575	0.04109892732645999	-0.025147795979652866	0.018305343602091424	-0.09964252464254456	-0.12875877644224407	0.05454855715191918	0.03263140813086978	-0.05795650444249955	-0.04468623444210832	0.028146847164765305	-0.06048380434765748	0.033309511286925636	-0.1167076272176325	0.1160347664935025	-0.011218575982204156	0.016221652246181068	-0.07901876206794599	0.015935435564976903	0.05996208859181549	0.0022888076707373787	0.057213163581538024	0.21130584637305394	0.04289705156105211	0.020978861497766028	-0.05050247228623933	-0.09506243899289103	-0.024013423605956923	-0.0011681360176038472	0.010146782843873684	0.012363416193430546	-0.0
e96	-0.1956988136258055	0.044894422472596916	0.17802524569065853	-0.09644842975902583	0.10889983581003822	0.016197099183430423	0.053733223416256845	-0.03493826189498743	0.025087706637163403	-0.032412275095425575	0.040277726259434786	0.0743930810977076	-0.06331545671816571	0.06057234913042159	0.09317383970933028	-0.05207476745391118	0.04469652686508721	-0.07912501061228047	-0.028053425035397785	-0.02419184686536881	0.005036147952918123	-0.13122446732276438	-0.0965500788307444	0.09919401636265479	0.04564682754903443	0.044292290490078615	-0.02395904744714432	-0.03029919620460033	-0.018965841465683028	-0.06578967021189594	-0.1347265518566034	0.005278244559275315	0.05590440482673483	-0.06958560890199246	0.050884158296964514	-0.075734081661998	0.08030444761708452	-0.00345762871495366	-0.01641994218899044	-0.19505052236975698	-0.07001170516463666	-0.03609255333282337	0.03421866968910732	0.08348987315325247	-0.0001455434513664977	-0.011389427036221828	-0.013259263804597306	-0.009035099251057338	-0.0
e97	-0.1474237571472817	0.021430680920532325	0.09116771802062108	-0.06204029492719975	0.14603112702297752	0.086328561683508	0.11047239226320071	-0.0036374914427432744	-0.03191690536766472	0.014940765340724265	0.00156228919339238	0.055422374152501855	-0.038020081459704605	0.03810578846544685	0.0018754995477626565	-0.24893250632042707	0.23051036128587007	0.02311348812531796	-0.04633958828148677	-0.009469884319652467	0.012588375141178687	-0.02496540782988294	0.06416200787658212	-0.07576821419372981	-0.0009777283070476425	-0.11914629987545322	0.11616920326430945	-0.08961081296736326	-0.03696889421624157	0.030154454651647095	0.11377399466455992	-0.11139934102742353	0.024877013060969996	0.04743718046081453	0.0018597102034405232	0.07246476817018421	-0.06645605431174152	0.017052584610245253	-0.009806445356037433	-0.012724727018641874	0.03600438611366841	-0.021065034906806154	0.04078472169924291	0.016068983821580927	-0.015722056796912534	0.004823667598603785	0.011474596077874833	0.0050384465523893585	-0.0
e98	0.2379425450505318	-0.4407503467480325	0.04328132688012617	0.034390750971534705	-0.059464629824153625	-0.0581379157571534	0.008738167545453849	-0.011483661814846842	-0.01587321326885125	-0.015560007759848131	-0.03400945064478121	0.007003489899284546	0.030252665287425578	-0.002806599654237672	0.007198535383043456	0.02204806596900883	0.07051403737243969	0.03358087175351178	-0.013273096948700377	-0.05251393114546205	0.03630266123948467	0.02292929203735251	-0.16292934910730922	-0.10571213408251268	0.03269346428093184	0.023760961917196968	0.031932135678725104	0.2484708370849593	0.003591228381085717	0.11227753951478417	-0.0028574355674249245	-0.16138904865437018	0.07202142172079828	-0.061098231454205364	-0.027428545569926938	0.01265606150990662	0.05208982399434829	-0.015527052136520177	0.022449189386414332	0.0076324676181851155	-0.027823840816806493	0.055438997930469185	0.032767103807912625	0.03093446160011982	-0.017558989521829882	-0.003925211720244992	-0.011690304521827101	-0.0011332186416638565	-0.0
e99	0.25364894723595693	-0.4488568633598533	0.07366832757267001	0.007890372878909192	-0.022903449754205784	-0.057157994017021464	-0.03781157435767843	-0.0028036355616889693	-0.006252870714687548	-0.0286832460940993	-0.12320707767238627	0.07568299731177931	0.07732218033506288	0.06396917318379436	-0.006004029098869146	0.013494635504226154	0.06093852436755396	-0.042410773648042965	0.005480675191817488	-0.050484991901765836	0.049741849848021956	0.08102468739232598	-0.029668320672541455	0.020588327301946013	0.025924800046299903	0.07094622672010947	0.010504139376900614	-0.02293367492003441	-0.05217174472908246	-0.08956678863382801	-0.07457718698822426	0.017527934281806913	-0.10564970715675877	0.007552778475856231	0.12541080460931403	0.09577769780601918	-0.05462111560459881	-0.00402185545087638	-0.1547703889004695	0.028657261569258272	0.009152378863318357	-0.13692221759413342	-0.015148622322569345	-0.073163367393744	-0.02076942554546511	0.0006568883849947076	0.02296383477467789	-0.019089942691932083	-0.0

Biplot	0	0

Site constraints	0	0
