Eigvals	49
0.8361805371021909	0.540959306864528	0.3552529341258278	0.12251042092936246	0.08774646921544929	0.06958273647526544	0.05189530183909908	0.03724277238476417	0.03207882951400561	0.027177426239371576	0.019956211089147025	0.01891962078433939	0.015753779958781473	0.014253988146205473	0.014090966385116387	0.012674158360108469	0.01148634686021642	0.009850843350350733	0.008340043894757607	0.007904699209347277	0.006598266261417539	0.0061263257572376426	0.005698581286621738	0.004472840487188146	0.003943643570472903	0.0039231297129837485	0.003028760204859378	0.0022839934772158135	0.0015597797834160376	0.0015070885039521371	0.0013793804374944811	0.0006157179206842112	0.0002756128953159409	0.0	0.0	0.0	0.0	0.0	0.0	0.0	0.0	0.0	0.0	0.0	0.0	0.0	0.0	0.0	0.0

Proportion explained	49
0.35806581397642534	0.23164738468063364	0.1521249603179082	0.05246091202109101	0.03757443462158392	0.029796435182607103	0.022222394172155158	0.01594794786171827	0.013736665339221635	0.011637806450158461	0.0085455671956731	0.008101682729601564	0.006746019303074503	0.00610378457942705	0.006033976066803059	0.005427276321696707	0.004918636533172872	0.004218287900865745	0.0035713395292894037	0.0033849180063943904	0.002825482625935501	0.0026233901910132002	0.002440223201052178	0.001915341482811868	0.0016887309407940731	0.0016799465805348573	0.0012969633230770117	0.0009780423571807907	0.0006679225274823401	0.0006453592830230935	0.0005906726564651644	0.0002636602129172979	0.00011802182821153244	0.0	0.0	0.0	0.0	0.0	0.0	0.0	0.0	0.0	0.0	0.0	0.0	0.0	0.0	0.0	0.0

Species	0	0

Site	49	49
e100	0.10619905558505899	-0.1407916707246011	-0.1585204113860729	0.02186405884995793	0.051833252864119175	0.0340460335874087	0.04789474922836163	0.03378171569466259	0.00765174752127388	0.04392709839314223	0.03220454036213317	0.002948359026433408	0.0001950274319875497	0.040689064046405855	0.009286138199726818	-0.01134554521031388	0.012458404826641768	-0.0010510065246272257	-0.009516710147031933	0.01238002786982755	0.014483728587725161	0.0031816992574733296	-0.010376507781216819	0.0037906857303141705	-0.0004785565324348443	-0.0036688297239226586	0.010283153414162338	0.008666738697767549	0.0025982958134319343	0.0012355083194210872	-0.004794223913242902	-0.0012240149025403559	-0.0002675809899911678	-0.0	0.0	0.0	0.0	0.0	0.0	0.0	0.0	0.0	0.0	0.0	0.0	0.0	0.0	0.0	0.0
e101	0.07095971289447169	-0.14990144543226339	-0.09422844004407854	-0.038921364047458884	0.03337749061703333	0.03341195065419311	0.04690771716186745	-0.0005408798008658478	-0.007924364638669296	0.010256493956291699	0.0066596217380730065	-0.013609555537812148	-0.018913031020474768	-0.038634042929274456	-0.0027794914319195004	-0.008411751970765075	0.03782061225258182	0.0035336796457795783	0.0006621893008560335	-0.0348266062885371	0.0024410305489923788	-0.012763945804906453	0.004993304776819867	-0.011429177292531364	0.005868835984935324	0.004460238998243109	-0.006492880423222719	-0.010043076195779493	0.004279528808148777	0.0026881460360356265	0.006065317062074087	0.0011159260962142065	-0.0002739552077446007	-0.0	0.0	0.0	0.0	0.0	0.0	0.0	0.0	0.0	0.0	0.0	0.0	0.0	0.0	0.0	0.0
e102	0.08557027971345381	-0.11807496655202929	-0.1310553829389042	-0.03806634412850354	0.06935407954590105	0.002860181460979991	0.04688315967134489	-0.01016332934194008	-0.003514608393467662	-0.003138792452567943	0.006025920736244858	0.005519867537519665	-0.007095924974484957	-0.009240775335403437	0.005110321188306964	0.031186721190188463	-0.017532124686689018	-0.002675279785135745	0.003653588756974479	-0.002551341979496349	-0.016638262647866116	0.011104131755205995	0.026253690789923224	0.011016044939046413	0.0008963133883201169	-0.006524021671082678	0.013001795405935703	0.007630770496731966	-0.0036642283749816194	0.0033669608599457045	-0.0017237495162025771	0.00831643592885017	0.003016516304454193	-0.0	0.0	0.0	0.0	0.0	0.0	0.0	0.0	0.0	0.0	0.0	0.0	0.0	0.0	0.0	0.0
e103	0.07116171277536548	-0.11606161862960661	-0.22476492622755156	0.011803425261113077	0.005043468116826466	0.011084154939623305	-0.14543058709209156	0.06857211406060074	-0.04448269970010076	0.013283158028726774	-0.012947054552354353	-0.0008135431751373563	-0.0047167764367783225	-0.018266959904770827	-0.0003465691181681406	0.015076653155726448	-0.017367577583819994	0.0010117288788988523	0.0006370780892397545	0.00417351593828052	-0.005531130461185254	0.007214982373650686	-0.0037586709100569213	0.002885590572097186	0.0012264754661151602	-0.001097858603253866	-0.00736729527705119	-0.0008923996230366443	0.00013007511250545672	-0.002912151413132421	0.0039111650205601485	0.0007250532989702039	-0.0004728493864070399	-0.0	0.0	0.0	0.0	0.0	0.0	0.0	0.0	0.0	0.0	0.0	0.0	0.0	0.0	0.0	0.0
e104	0.2223368006406805	-0.008417083089607182	0.06448402246557548	0.03936855228473641	-0.04540201579448858	-0.025796673305499954	0.03334759677829854	0.05550633683202839	0.01792438999458973	0.024123877062885456	-0.015806915959598725	0.01837733483630062	-0.006772968254303911	-0.005123430502853886	-0.002515676610078274	-0.029742774111666568	-0.008456949541693504	-0.0031896277592726343	-0.004265275510264395	0.012397707816013447	-0.025926883133955917	-0.005737746571868399	0.014348126285233478	-0.00457738836394821	-0.01109022026611371	0.003637638321952318	0.0015499612047964167	-0.009301582455336835	-0.007767416410189145	-0.0007802353762986779	-0.0012534142173137662	-0.0022942275892002414	-0.0008848743486064613	-0.0	0.0	0.0	0.0	0.0	0.0	0.0	0.0	0.0	0.0	0.0	0.0	0.0	0.0	0.0	0.0
e105	0.23422908938233972	-1.1924601876401984e-05	0.028774909544170744	0.026681970106076328	-0.05870611530994107	-0.038216059365351024	0.013536618493341656	0.00481926426834404	0.01028913045099424	0.012953556258717878	0.0007315641941246533	0.035842416184045496	0.022774508126232617	-0.03219002970703614	0.0034652309512323743	-0.010077547516769288	0.0017323602525882937	0.028765748479248475	0.020178993741939943	0.02223635729118674	0.0070434871463531355	-0.001995011009980451	-0.0003088769473986554	0.004486425869746724	-0.0010021910933968733	0.005727277057161811	0.003656476458570266	0.004582239425935672	0.0052577526865886124	-0.0005612835750864526	0.0007384733553684013	0.002467598513760019	0.002520675981593446	-0.0	0.0	0.0	0.0	0.0	0.0	0.0	0.0	0.0	0.0	0.0	0.0	0.0	0.0	0.0	0.0
e106	0.2552008703006807	0.21743353995668752	0.07681457453604924	-0.03272208693672745	0.03696012201364217	0.03999420329198568	-0.02201671849148191	-0.024641451352986645	0.017388591303650894	0.05942127407010796	-0.01732251896878504	-0.03403038113987432	0.044383596682386145	-0.003832475698998143	0.013894825701886783	0.0005296149150779874	-0.01868412976527489	-0.0006586683100162145	0.017837420210016983	-0.006677880050474611	0.0056456869330244784	-0.007986118634273173	0.01079346639204328	0.005500197340135661	-0.0060810195172466995	0.0033311430439400386	-0.0034609529343174487	0.001987056776990592	0.008821061696138572	0.0018896147209760883	0.003614906168016504	-0.0023108030238465755	0.0007358951114644468	-0.0	0.0	0.0	0.0	0.0	0.0	0.0	0.0	0.0	0.0	0.0	0.0	0.0	0.0	0.0	0.0
e107	0.24493437451572503	-0.09904150402000952	-0.11477700279854726	0.08535551714244462	-0.049532474985016076	-0.029959323093180754	-0.04777922266617753	-0.0388172337714537	0.033707164866475105	-0.038062099892069094	0.0007986833261578918	-0.045635938055788354	-0.021890090108451846	0.016279940500120788	-0.01584700007611491	-0.029584599840384588	-0.004252223067611053	-0.010219787616263649	0.008687533731095534	0.003934452866861962	-0.007934934451412882	-0.009292686878700968	0.007652030493976929	-0.00779820327804294	0.0011780904283032342	-0.004958122254213045	0.0019702968749392724	0.0039393069801538705	0.0014649475081578332	-0.0034023762624839212	-0.005571878066554157	0.00010213403781873394	-0.0003814727850973619	-0.0	0.0	0.0	0.0	0.0	0.0	0.0	0.0	0.0	0.0	0.0	0.0	0.0	0.0	0.0	0.0
e108	0.2765881178371036	0.16430407543212147	0.013681035141101043	-0.07076676267015856	-0.028772992082203425	0.02351817917036694	-0.025226045012208775	-0.0449939756088831	-0.008519314502006407	0.026886061809078234	0.05486743134944178	0.009083392624619319	-0.020053350985386707	-0.0070844299470974445	-0.0009506708103735336	0.02192778413768571	0.013364654375171958	-0.009906336811051325	-0.0008231599538965019	0.0019913374102807422	-0.00907311236253194	0.002301669660367041	-0.00030924802163815853	-0.0007881072759852285	0.005225861751713808	-0.0043962475472583105	0.0025255378904604007	0.000983784115717008	-0.0022203616974524523	-0.0032442549875394025	-0.004320985540846128	-0.0018723368472245738	-0.0018489252340610056	-0.0	0.0	0.0	0.0	0.0	0.0	0.0	0.0	0.0	0.0	0.0	0.0	0.0	0.0	0.0	0.0
e109	0.2608483071295533	0.1845256392454591	0.08260771468404529	-0.01670961314000308	0.029002649902458724	0.01856922218346536	-0.0016426902865778767	-0.010426247610511932	-0.003699847180634642	-0.017631662427215814	-0.006401414840186221	-0.0011496833948579008	-0.014374447934392751	-0.004254652403152076	-0.015093691021461235	-0.006560891235374581	0.024348188173938957	0.0020414454281415936	-0.03564634379540347	0.021574782466538444	-0.0056723267575610435	0.014818227220802888	-0.015458901184903872	0.0025008919559151906	-0.00034624866505701316	-0.0017622163936235296	0.006234470540001463	-0.00818975611249502	-0.008094132974601091	-0.0010188991639030877	0.003400497312147862	0.003828463608799358	-0.001018379365699996	-0.0	0.0	0.0	0.0	0.0	0.0	0.0	0.0	0.0	0.0	0.0	0.0	0.0	0.0	0.0	0.0
e110	0.23575967891057198	-0.032486163905393536	-0.007133345977255818	0.07001860815283235	-0.058241163284483165	-0.009361695869075948	-0.005987551599749512	-0.013803824970172372	0.02002869105492884	-0.023833953569781716	-0.025467544673061632	0.01947754751556466	0.0046496891491417764	0.0030152470808061495	0.014187568632136322	0.0276821053846661	0.011861683376044888	-0.0013285650968548753	-0.009244629839801875	-0.03109981296111102	0.023459990659125622	0.012077049349706596	-0.014955838835166334	0.0031610536911567196	0.005800053430494004	0.0018683187751958286	-0.0034355787477072606	-0.003316214661496651	-0.0008059181848466551	0.005358974797922292	0.003400549915180576	9.501527651299578e-05	-0.0003311435675221696	-0.0	0.0	0.0	0.0	0.0	0.0	0.0	0.0	0.0	0.0	0.0	0.0	0.0	0.0	0.0	0.0
e111	0.2239094483799741	0.10848355612409519	0.09457515724239932	-0.004721801341615569	0.013727461984519277	-0.0054597830473509645	0.03135905235958978	0.05594777832225496	-0.012614571928218951	-0.04457330112810935	-0.030195832950624685	-0.002825527420918019	-0.028143251167039703	-0.019921390352527133	0.00040697261863113657	0.004595749186629983	-0.00796607269752936	-0.003942507538233539	0.01655934330657912	-0.0025570030335708037	0.016213215983059012	0.007506260466867854	0.0012793316510666397	-0.013834487959104637	0.00294178086217431	-0.011380791852163622	0.0056762914437122	0.005516160742655274	0.007175358379695418	0.003070169406074967	-0.002937539864197521	-0.0027856978493165287	0.0003415863253859286	-0.0	0.0	0.0	0.0	0.0	0.0	0.0	0.0	0.0	0.0	0.0	0.0	0.0	0.0	0.0	0.0
e112	0.2443044328549591	0.1177585045508163	0.0550245931715631	-0.005098863532949727	0.02181544726109382	-0.005793889064200753	0.00029869420804810946	0.023364092900970943	-0.04714141392183791	-0.03310923682726676	0.02929329797450917	-0.006457152643577784	0.014967987508654967	0.048238080783544655	-0.0014388396799226346	0.008585888461782357	-0.010285167285985252	0.0015093144683084223	-0.009451030739368965	-0.027624701520390836	-0.00693672439463644	-0.012056280853115725	0.0008597455202224695	0.005479944661918521	-0.0013402125075664296	0.01076945339370241	-0.011889416535250885	0.0051892585985706015	-0.003074770764831249	-0.0019635578033990056	0.00015348183503986374	0.0022883430904577754	0.0013141315089343056	-0.0	0.0	0.0	0.0	0.0	0.0	0.0	0.0	0.0	0.0	0.0	0.0	0.0	0.0	0.0	0.0
e64	-0.14460514714648362	0.13301996250559725	-0.058569519500279554	-0.01981518012826241	-0.015233780474123534	0.039578741350030325	0.008210050609559184	0.04413583211529421	0.02776606697303291	-0.0021899746268564282	-0.008348119086244584	-0.00606451964356393	-0.0060651057349274395	-0.008517245109228803	-0.019924382866656484	-0.011313604650453822	0.010598275020857506	-0.02343118918923879	-0.018978305736262486	0.0027021396548677825	-0.005038493389136199	0.007944053162405889	-0.002967223405821284	0.014279402105977392	-0.006657587057609517	0.009806495700013398	0.005595264473063177	0.0071968096919913195	0.01008759779564466	0.005461472551763935	0.013961843707183234	-0.001968619017812779	0.003846271450551823	-0.0	0.0	0.0	0.0	0.0	0.0	0.0	0.0	0.0	0.0	0.0	0.0	0.0	0.0	0.0	0.0
e65	-0.15965085296161696	0.2640757545426036	-0.13486219084421766	0.044674939991052175	0.015155631537772461	0.008869408310831097	-0.037474821511333585	-0.006149406687989272	-0.0067904959788791745	0.00954661215871476	-0.0009003750741662003	0.03571508086140065	-0.0035233043154075426	0.012720672655045654	0.011793654673141692	-0.02486404027382027	0.013190630179143233	-0.018298980629955025	0.009815962535747232	-0.006174080750418018	-0.0007039951882747689	-0.006478561628762102	0.0077078152830140564	-0.0020538107169458144	0.00830875007165314	0.0024629252493069066	0.012792643473106479	-0.0023858656874989723	0.00016419826215598353	0.004057164053366965	-0.0038564788557809886	0.001301854045441905	0.0008400007657142387	-0.0	0.0	0.0	0.0	0.0	0.0	0.0	0.0	0.0	0.0	0.0	0.0	0.0	0.0	0.0	0.0
e66	-0.03877642616335754	-0.07462000319786488	0.040762950250546014	-0.12285253603497572	-0.039482811912059865	0.012648691302700986	-0.029022588998553894	-0.02376548467922619	0.009141092893039058	0.02529532675018213	-0.021336355189208095	0.02383702209116742	-0.011186596478598432	0.0087804745172993	-0.01695299236730044	-0.004471221519945916	-0.028471072092395536	-0.012685718804212109	-0.0017825685509404385	-0.004437149583060105	0.011557245181289104	0.004829975076977975	-0.005892805341721955	-0.008432990798310344	0.0017867600371968477	0.009994063076284452	0.006662363083378639	0.0011458939819859518	-0.00389626710863123	0.00855852985876825	-0.004576555838604946	0.0005801715357805453	-0.0015203962912754762	-0.0	0.0	0.0	0.0	0.0	0.0	0.0	0.0	0.0	0.0	0.0	0.0	0.0	0.0	0.0	0.0
e67	-0.07842244185634457	-0.05088097668614978	0.0879859098906032	-0.09083453565276782	0.015083512828782269	0.004405096887389188	-0.0330585482729471	0.006011884927286176	0.007646413066054347	-0.03378624262961463	0.012490966989165945	0.013750497459992999	0.011038718565635555	0.004366237361764874	-0.011963195732073773	-0.006302443767521503	-0.0015681624011520234	-0.00987340888534894	0.006188278257702679	-0.00685902149707746	0.007376796669764247	0.00931229723546152	0.00015626652950057718	0.018695894952158853	-0.02199400947218604	-0.022853257381663026	0.0026220854899662318	-0.005421610743777401	-0.0033640947472183477	0.0009048769575070511	0.0005234863691114213	-0.0028728861074269895	0.0005188215301357257	-0.0	0.0	0.0	0.0	0.0	0.0	0.0	0.0	0.0	0.0	0.0	0.0	0.0	0.0	0.0	0.0
e68	-0.050691078322071176	-0.059386097228631606	0.09050224661508	-0.00583676851300417	0.032798055606286444	0.011895681658379956	-0.006420872217339992	0.01885136980159287	-0.01393328218930657	-0.001294579980819787	0.00925688960572296	0.000520611502525502	0.010009580930681989	-0.01118719196213204	-0.01954930616305549	-0.00465609016127771	0.02806697389379997	-0.015047444077504777	0.024716670507880897	0.0094609192165499	0.003857575620451741	-0.022787488304601988	0.004692008739883362	0.017157436686375552	0.00888225877025519	0.009540831235732638	-0.003952123563873579	-0.005302506286090313	-0.012022359442941475	-0.004738403599431737	0.0034196030422235396	0.00036859398600407614	-0.0012929273447232284	-0.0	0.0	0.0	0.0	0.0	0.0	0.0	0.0	0.0	0.0	0.0	0.0	0.0	0.0	0.0	0.0
e69	-0.09536150987361257	-0.009042634893739857	0.06359997448748532	-0.009151054059404053	0.015796994997705996	0.05619054047020143	0.013530443432590727	0.0034707738198931073	-0.04268365406659759	-0.022432156133667763	-0.004266423566527984	-0.025435724884341506	0.02993993357109843	-0.01903060412614367	-0.012399792633945025	0.011312622664382039	-0.006624916918974993	0.006654460791346725	-0.01609398078606094	0.008594086694850277	-0.0008468036044922049	-0.008928415444554569	0.011958854555231322	-0.002917633278153343	0.006072691321656886	-0.008288230001464732	0.004998064135475728	-0.005438253360403162	0.0033465132712787718	0.007674890533018041	-0.014293058351276899	-0.0041672034911886	-0.0015166053901504092	-0.0	0.0	0.0	0.0	0.0	0.0	0.0	0.0	0.0	0.0	0.0	0.0	0.0	0.0	0.0	0.0
e70	-0.0884908697374731	0.04356711394106992	-0.07983994558578567	-0.011927140653913187	-0.06333953888418854	-0.029636862187648227	0.021945714330631187	0.012923741919727063	0.01662973911843222	-0.004256487890514453	0.024247638855169694	0.01657387091978705	0.005420704665013817	-0.008218606502701417	-0.01469736141472341	0.012373538545635195	-0.0035938854809543295	0.007547697173418599	0.003698503131047305	-0.0033047626229184904	-0.010353767913554522	0.0020208432070328826	0.007162885062802894	-0.00576190598690273	0.01514614187820741	-0.011897529395865178	0.001246674251664028	0.006730210061011852	-0.0017130186113990219	0.009537855544096675	0.004946161336832466	-0.004307743532213374	-0.005521224270670589	-0.0	0.0	0.0	0.0	0.0	0.0	0.0	0.0	0.0	0.0	0.0	0.0	0.0	0.0	0.0	0.0
e71	-0.09240589734397504	0.08858452897527863	-0.05502754385619055	-0.007454058896647383	-0.010991829511996357	-0.026298519896282267	-0.0028546580534690286	-0.042379671418015574	-0.016699291531726987	-0.02628640602790526	0.001994170912600362	0.03326252577032468	-0.0034960881896554776	-0.005129165039180799	-0.0006120423797867016	0.02779756976037434	0.006233514194152058	-0.0024025138106800585	0.015864499808454814	0.02680029080456699	0.003242749848123392	0.006973633342326984	-0.004289390615589059	0.0048797533061144946	-0.003559315029546091	0.013083404103115448	-0.011772107858764364	-0.005790494863914774	0.005673187041661922	0.0003803161202243454	-0.0041470699761796724	0.0014537372175044319	-0.0008325927781182553	-0.0	0.0	0.0	0.0	0.0	0.0	0.0	0.0	0.0	0.0	0.0	0.0	0.0	0.0	0.0	0.0
e72	-0.11838813617378433	0.13184300451996545	-0.06579690567605459	0.03209562990944877	-0.009483896055341525	-0.009337286452300869	0.004749182611358017	0.02924320234065939	0.0012393237107784128	-0.037329665973671426	-0.009215421866682316	-0.007776394601987452	0.019382972192992756	-0.005683074069190196	-0.019299623051368228	-0.0006301206550191707	-0.0012939631583390352	0.019474722413001275	-0.013689312433473565	0.0007514369114365148	0.01663946712138289	-0.025104097283156365	-0.006082301491543024	-0.00036878247597723853	-0.0012450840224178929	0.0038347788852792167	0.0030397563422366494	0.012843657962758727	-0.007000591495793582	0.0008486123960086964	-0.001866848278842388	0.0031091171440202786	-0.0012156583495871005	-0.0	0.0	0.0	0.0	0.0	0.0	0.0	0.0	0.0	0.0	0.0	0.0	0.0	0.0	0.0	0.0
e73	-0.05458964822760256	-0.05392212022296456	-0.07970143775853955	-0.027662880183722118	-0.08011892833950993	-0.017888152814528612	0.012004221802758244	0.0031311021000649548	0.005050994428957295	0.007118630077789829	0.023280296704676413	-0.04141788997135146	0.016662778356725496	-0.02693591033194676	0.01788898223554988	0.003231315244793172	0.008133709007494083	-0.0029972909073403015	-0.0023623126211861794	-0.00214706543695926	0.0037180490659991894	0.00801550688210482	-0.003064437766953895	0.0019915101459217054	-0.0055439751084643525	0.0064463206509139444	-0.0008979584386877308	-0.0019400285916623126	-0.008256351211725986	0.0038053692706763995	-0.005109253174185193	0.0026745675846765057	0.002693185628281483	-0.0	0.0	0.0	0.0	0.0	0.0	0.0	0.0	0.0	0.0	0.0	0.0	0.0	0.0	0.0	0.0
e74	-0.10164026186027626	0.019894262871490827	-0.0023393387930708263	-0.058421405683286104	-0.04892510876995107	-0.03939399133839792	0.016036224060782086	-0.007065174161410168	0.0014016984069743351	0.00587325471519203	0.0012528366183120966	-0.009281089842576435	-0.026592101322672482	0.014731938262697756	-0.014075661449565404	0.017907840976781907	0.007007045376171412	-0.007397227091009148	-0.0016772573706008943	-0.002590106386101366	0.004669505021411069	-0.005580103771459247	-0.002455694610500566	-0.0065248753522774575	-0.0037418176970959163	0.003010332090604549	0.004498710314907173	0.00015169582456552377	0.012090713767892138	-0.015643726850628148	-0.003560432216435994	-0.0029902059813776763	0.0034845076813572106	-0.0	0.0	0.0	0.0	0.0	0.0	0.0	0.0	0.0	0.0	0.0	0.0	0.0	0.0	0.0	0.0
e75	-0.07187416227791836	-0.018791758347644322	-0.025259333481349944	-0.057612733219147984	-0.059619665942560636	-0.0416482720842655	0.01644559239407632	0.010152301932029017	-0.014199374013052542	0.01068167762501164	-0.009646745917841678	-0.016637085334655806	-0.0053995380636884605	0.011850155490381958	0.00886649002137251	0.010007146037446275	-0.01790955114936625	-0.003345611831775332	-0.009034048432043987	-0.003127667587870887	0.0014726234946889365	-0.011254575673349688	-0.0024501678118890795	-0.0034155081348490575	-0.01045442626561317	0.0255202584377911	0.009140732693626237	-0.0068132488266162685	-0.005196006089403043	0.00583037901712965	-0.002726168358342987	-0.0021301666341233794	-0.00022871330426871937	-0.0	0.0	0.0	0.0	0.0	0.0	0.0	0.0	0.0	0.0	0.0	0.0	0.0	0.0	0.0	0.0
e76	-0.05158700072184054	-0.07232545127630569	0.002672757703326956	-0.07408575460586778	-0.06708717806561496	-0.015438006176461648	-0.012769858369272068	-0.011753184774894504	-0.016465189293424956	0.008749790423578268	-0.01356322581095961	-0.0015283606293078403	0.01284415903333787	0.00669981997289834	0.006138230881328229	-0.01675244035268789	0.010274987782700454	0.04308008951712136	-0.015015190528322108	0.000752484069319875	-0.0015774557994348525	-0.0004090093853947731	-0.001840976346415084	0.012129950894219829	0.01862183663899356	-0.00955554682090986	0.004186361414206529	-0.002902349777348718	0.0025144794207327963	-0.00785758347127199	-0.001464541128247676	0.0012043424765485519	0.004956794040872355	-0.0	0.0	0.0	0.0	0.0	0.0	0.0	0.0	0.0	0.0	0.0	0.0	0.0	0.0	0.0	0.0
e77	-0.042196449209683094	-0.07699110839656954	0.05282883357056631	-0.03648499544527327	-0.0428972944808675	-0.027043400805204877	0.005348336434171574	-0.0018140362398545585	-0.01441280782630773	0.024849393195641004	-0.0046488382880865275	0.005760080065043429	0.0040263595285255395	0.027593745814256478	-0.013822244255124131	-0.012033773527439938	0.01773728779110212	-0.0010720914016076912	-0.0024298213744702573	0.008202030160990229	0.014953273744897123	0.0015247064500837006	0.0194834081234937	-0.0014740115259914565	-0.00283459065311595	-0.003129111568213771	-0.013007934920824981	0.010106973407428813	0.007649871020452897	0.003069446311924296	0.004988459717085788	0.008739132395944151	-0.0063245149825007846	-0.0	0.0	0.0	0.0	0.0	0.0	0.0	0.0	0.0	0.0	0.0	0.0	0.0	0.0	0.0	0.0
e78	-0.07287226894060281	0.003537054599167488	-0.007607568730563161	-0.04735726714927912	-0.06376198978266946	0.002868332551573651	0.011738160543271123	-0.008816996578645899	-0.021667456197465296	-0.008311999548257568	-0.0055341087192833155	-0.005302032596141601	-0.014754291168896665	-0.0007441199853342598	0.010783498639774602	-0.005887976422020241	0.0010257692455000996	-0.016029529113986384	0.009006766603954355	0.0009539119688314234	-0.007502553837004057	-0.024042471708603328	-0.007833189006206196	-0.0008490392697659347	-0.01736458205257654	-0.026443059628787697	-0.008888149205087278	-0.0010845856869720332	0.001483741212140414	0.0018499026286358468	0.003497742005584027	0.0031820900189646695	0.0016116190698550312	-0.0	0.0	0.0	0.0	0.0	0.0	0.0	0.0	0.0	0.0	0.0	0.0	0.0	0.0	0.0	0.0
e79	-0.05882784448050154	0.014934101241595978	0.0623396366613922	-0.01317792279183393	0.0176454607911845	-0.06087470396725531	0.020044600775880998	0.015938364599382995	-0.01608990031515382	0.004769852311118539	-0.02180336304159704	-0.036668333964205026	-0.012966564432569005	0.011797595230162165	0.023456211785685556	-0.0016672827622783572	-0.010469630249745778	-0.007963239810651767	-0.002987165238494125	0.010804403846432834	0.02032303983308293	0.017735066919187845	0.015600601177753557	0.012797682188255766	0.01711901877629879	-0.005312666099490218	0.000495264844948541	-0.00214275540934255	-0.005118456642530895	-0.007331467735199942	0.005709606507615469	-0.0028692884761593014	-0.0022077676708793276	-0.0	0.0	0.0	0.0	0.0	0.0	0.0	0.0	0.0	0.0	0.0	0.0	0.0	0.0	0.0	0.0
e80	-0.07765440324599111	0.08285154562526789	-0.041194938071983496	0.04564986427832177	0.010898559425524387	-0.000421963029676952	0.038951953683102204	0.04300247285631895	-0.005396330560394845	-0.019515518035418893	0.020987411359664747	0.020865441077693492	0.005371377484721278	0.025258826410130532	-0.024851925137804622	0.0029178084597986068	-0.009453701760517094	0.010903215615600922	0.017054316377348087	-0.0035205457186553634	-0.0015685605299325296	0.011609961824178698	0.009254362733828231	-0.0029074075551145944	0.0012223955476797703	0.0023023991019587298	-0.007859397983835342	-0.015915070379286796	0.005803994344177391	-0.000771846251585184	-0.003500278817542381	0.00100913584325549	0.0031424700186844672	-0.0	0.0	0.0	0.0	0.0	0.0	0.0	0.0	0.0	0.0	0.0	0.0	0.0	0.0	0.0	0.0
e81	-0.033249080788479914	-0.08585132232766035	0.08928229956313602	-0.021609565670162034	0.09782971539778072	-0.13345500571092583	-0.04325245198549675	0.03167839234045519	0.06615689059991181	0.024607940954481343	0.020314736187982088	0.0068135459602185885	0.011362760392551362	-0.0042932879660725395	-0.014125731779082332	0.020050138594534563	0.013334237694651023	0.006768606352754109	-0.011240702243179435	-0.007603483428454169	-0.0016227142977764714	-0.0033614407194714493	-0.0005740696716915525	-0.011083165528897298	-0.005512926481361621	-0.003299726320161498	-0.0034635260416459594	-0.0007417597078264273	-1.6734293871429533e-05	0.00019901042576161984	-0.0024907110177537282	-0.0032825599135674443	0.0007635309013673872	-0.0	0.0	0.0	0.0	0.0	0.0	0.0	0.0	0.0	0.0	0.0	0.0	0.0	0.0	0.0	0.0
e82	-0.025882533061963694	-0.08447699428788139	0.081484444011684	0.015890665800627778	-0.0070979762252739356	0.0004532708282624224	0.011314829376112367	-0.006526741055375727	-0.01168879076626653	0.02384635064216011	0.0039791688707994845	-0.010904856569615436	-0.0066668283807721235	0.02124435552281793	-0.014602925307519233	-0.02135012322193558	-0.013024348028798611	0.0034049283304722695	0.017930961062956014	-0.004051289729626515	-0.01613581369733617	0.011325525112068718	-0.024799149724377634	0.005097500039230153	0.019756627371468244	-0.004185702247919414	-0.010130564632735586	-0.005504360262177095	-0.0008722931817221963	0.013503183454318609	0.001191708536633907	-0.00263372306274602	0.002233409535707137	-0.0	0.0	0.0	0.0	0.0	0.0	0.0	0.0	0.0	0.0	0.0	0.0	0.0	0.0	0.0	0.0
e83	-0.07881838480892295	0.0033285763311500303	0.05852708207996327	0.06032734714404905	0.025366589193133865	-0.028297731341865993	0.02772587809186317	0.008291752171789995	-0.01479932859014093	0.009612200124007665	0.013697468132140652	-0.018407585856041818	-0.02022759598590197	-0.009026600787989541	0.03115993246537589	0.008916816105798395	0.005562666057564036	-0.004278556816641645	0.019377524630752718	0.012987865967737723	0.0028042526758500328	0.0014050414788634768	-0.02307462142542799	0.0033740943938299598	-0.008639767260879802	-0.0002999142779448873	-0.0061962424854612765	0.013931640489401936	-0.006262777530506475	0.004589338505856099	-0.002901707558220615	1.148315519915349e-05	0.0016550522916930533	-0.0	0.0	0.0	0.0	0.0	0.0	0.0	0.0	0.0	0.0	0.0	0.0	0.0	0.0	0.0	0.0
e84	-0.1345799685884035	0.17123208429870598	-0.06662518926185972	0.005313908262358328	0.01797290472919013	-0.011566859371912224	0.019204567833173532	-0.026357435386673816	0.052092515973256245	0.007932520849889699	-0.015662586158773605	0.007299026070000719	0.011608366480181662	-0.011047975321588006	-0.0065552155203824165	-0.0164456231020726	-0.021561176214095742	-0.0044993068164184856	0.006767908771661172	-0.0243790413192216	0.004501697220565434	0.008033636144125991	-0.0035168306562361074	-0.0022496876605888707	0.003371199771661069	-0.009076308378265138	-0.0034664158830264662	0.0001211177796306997	-0.011605307576012833	-0.008543522193286777	-0.001783457240748174	0.006385096469455049	0.0007172874253628716	-0.0	0.0	0.0	0.0	0.0	0.0	0.0	0.0	0.0	0.0	0.0	0.0	0.0	0.0	0.0	0.0
e85	-0.08603720148032656	-0.03671647094304748	0.10536281795224928	-0.01312622692529209	0.06458075630665076	0.00299036386451781	-0.017374352881496285	-0.010342917806831508	-0.038264227301050106	0.006987259364465093	-0.02565737903254096	-0.013615264444442214	-0.024442057575464124	0.006320921073073684	-0.017052811142225174	0.0004887068437060706	0.007538952140043423	0.023514555566146216	0.02679179892634721	-0.008759910988969957	-0.008612585424383092	0.007018593405665989	-0.006069980625097686	-0.012718071532644929	-0.005837304093049596	0.010381151725328958	0.01812952476665268	0.0018940766490879533	-0.0015658309843941784	-0.0032639646880618873	0.004313132719560521	0.004749874854544725	-0.0013059500017801834	-0.0	0.0	0.0	0.0	0.0	0.0	0.0	0.0	0.0	0.0	0.0	0.0	0.0	0.0	0.0	0.0
e86	-0.07286083844853761	-0.02852789019133327	0.03033245827909659	0.08866817448794304	-0.010295355374969619	-0.019699717644448028	0.03207685600732636	-0.0027990455895179067	0.01749762142152223	0.007550940404071394	0.002260362031274835	-0.010886563293377524	-0.00915238930575947	-0.00690521033735	0.017743067653589323	0.02208046226763461	-0.025336527834600622	-0.016490017512611498	-0.011347540726611417	0.0017120834242331801	-0.009304178729454306	-0.008384397945931571	-0.0014789616912760607	0.013796409757608	0.004036268957890639	0.0017379035770000676	0.0023064846320715385	-0.01522675381444491	0.008110265223281244	-0.004377242915205433	0.0039295900322216136	0.0045909132513054125	-0.003812116891311885	-0.0	0.0	0.0	0.0	0.0	0.0	0.0	0.0	0.0	0.0	0.0	0.0	0.0	0.0	0.0	0.0
e87	-0.06245737062887481	-0.07585446243244685	0.04588082130125342	0.0988333292488663	-0.011578268444331059	0.03940873021153529	-0.0052620894592284705	-0.03118365271725713	-0.01491732080798549	0.0227476353869812	-0.029854566800925967	0.010568873403128343	-0.00876003408625679	0.01003671761412724	0.002632369091133316	0.005987230315443787	0.016176380925934774	0.010211660650248738	-0.017788999381937842	-0.0010215723228256882	0.0015331318542991996	0.01587779390504432	0.024566563871425966	-0.006882563408828299	-0.019834363927478137	-0.001268890281041877	-0.012954479164035736	-0.00026537860542739065	-0.005662107273462577	0.004330085075136477	-0.002725699166424107	-0.0010554720544072704	0.002826849835318762	-0.0	0.0	0.0	0.0	0.0	0.0	0.0	0.0	0.0	0.0	0.0	0.0	0.0	0.0	0.0	0.0
e88	-0.1501441245002715	0.18094793374955523	-0.0692295244781635	0.016142934866968543	0.0010319775287557782	0.06946013608068581	-0.00486858065588923	0.03456498471698601	0.019294745685302525	0.040645645556861974	-0.006528079240674514	-0.012767078981460785	-0.016686404917280382	0.0051000883812919034	0.014387371267342908	0.008224006712227663	0.011064722221219205	0.018996480152005994	0.004145785574734409	-0.00014459674566541788	0.008401695222241021	0.0009390395279898813	-0.005959835132676714	-0.005407177551206113	-0.003347848602588985	-0.00860412016113818	-0.006109746626337224	-0.006802648405246657	-0.002013788220028924	-0.005840796919533622	-0.007792265652481792	-0.0018894469842646716	-0.0032773662107232564	-0.0	0.0	0.0	0.0	0.0	0.0	0.0	0.0	0.0	0.0	0.0	0.0	0.0	0.0	0.0	0.0
e89	-0.03453057656256725	-0.11751403354316925	0.11419460753419775	0.041662205063103155	0.03291570866091978	0.03509660322929416	-0.02845446399854583	-0.015887809485309077	0.02629877234285118	-0.007602018516937777	0.004611465987892323	0.027004421847666358	-0.04467317988635318	-0.015661932598020928	0.005064181393534302	-0.01717620656497727	-0.011282643699571444	0.010562704007547644	-0.008151189333495644	-0.014839796065480115	0.007888914689575695	-0.014744316379712713	0.004437803850279231	0.02990338993067038	0.0013390072440600154	0.007821527093321906	-0.0004695371690368879	0.005625262807642023	0.005021568059959928	0.0008122873182947369	-0.009671399412630007	-0.0021686634027729855	-0.0010314932567629272	-0.0	0.0	0.0	0.0	0.0	0.0	0.0	0.0	0.0	0.0	0.0	0.0	0.0	0.0	0.0	0.0
e90	-0.0484068568269772	-0.0839942856002638	0.07757632373454912	0.0679634114948151	-0.007390374886922942	0.03035375463154242	-0.004805779171230369	-0.018165974451557067	-0.008430828630416273	0.01878205047238567	-0.012720648044106235	0.011618531676182372	0.010845072109596818	-0.0027425124597871466	-0.02465194789385445	0.021531684130968055	0.003389701950859727	-0.03686364614746673	-0.004430825370159405	0.011338644612692999	0.008252342632913063	-0.008908965625968372	0.007155347258257256	-0.012642943451383847	0.018436943048082917	-0.0016370646211937695	-0.0017899817552615245	0.0073853401842101036	-0.005784552772361458	-0.004976984907067732	0.0018036167052154616	-0.0033623913426117755	0.005249676923524905	-0.0	0.0	0.0	0.0	0.0	0.0	0.0	0.0	0.0	0.0	0.0	0.0	0.0	0.0	0.0	0.0
e91	-0.09847049481367381	-0.012229440359223496	0.08771823717896796	-0.09219532247290736	0.02906774755165984	0.04107060978899035	-0.03431386570101257	0.019749048426746265	0.05623745876651265	-0.05052068270169245	0.002694624592114646	-0.005243834567579851	-0.00022229273052753567	0.007000647510825932	0.05153639963586859	-0.011187060807249703	0.00888373070887459	-0.0041292128859333685	-0.0029793007839261235	0.014392520459973591	-0.01411096067479127	0.0047792942186219755	0.008441257684373133	-0.015926563351069147	0.013509892968101853	0.011213574542152733	-0.012075285061140228	0.0030953696073892398	0.002552405567071128	0.0024807752798126836	-0.0021222383395149104	0.003645522031736505	0.0012551671048340231	-0.0	0.0	0.0	0.0	0.0	0.0	0.0	0.0	0.0	0.0	0.0	0.0	0.0	0.0	0.0	0.0
e92	-0.13827109001367463	0.1504200162863243	-0.0398195175280268	0.04056520291607082	0.034672556425938236	-0.027027252548319294	-0.004524851387253565	-0.05357247305803325	0.008242842623993872	-0.0011654161380089557	-0.0023894314349383592	-0.026638040382726172	-0.016034660501033478	-0.004430153420534199	-0.01971610529885755	0.009930723857997788	-0.0049829194421786025	0.027812322642493545	-0.009787893642662325	0.005943135298202105	-0.019987402722796335	-0.001126765339688933	0.0021049927988116388	0.004302998986948246	-0.0008098795659710845	0.0009600189285992074	-0.006343310774264683	0.007459075408274935	0.0019175700697376613	0.00501484057479177	0.0066188520894482974	-0.003919944243638128	-4.314157918537348e-05	-0.0	0.0	0.0	0.0	0.0	0.0	0.0	0.0	0.0	0.0	0.0	0.0	0.0	0.0	0.0	0.0
e93	-0.06309216805460932	-0.11465198452247637	0.03121781353421215	0.05594414837062194	-0.04559395138506591	0.04092447210398793	-0.019034188381904397	-0.00955741341879683	0.03304332135591744	-0.029408797640224582	0.0025567485276658925	-0.024189335605189623	0.03824509898923959	0.014332305907380799	-0.003925587793992297	0.009760108737532395	0.027816521050666714	-0.0029517849650885306	0.022094915102622806	-0.006115379587689335	-0.009118589118800176	0.018940376153007046	-0.00041257023127815165	0.0061962089009236125	-0.006865660664146897	0.0051507768369563845	0.015633087008558796	-0.0006612463818905149	0.0019883106917228245	-0.0024389975045656953	-0.0007045507745721613	-0.0022464646988538065	-0.002783394441289279	-0.0	0.0	0.0	0.0	0.0	0.0	0.0	0.0	0.0	0.0	0.0	0.0	0.0	0.0	0.0	0.0
e94	-0.04241625523209163	-0.09998126625318293	0.10822161215417878	0.049598872629957644	0.0009744229275279406	0.06723238483031882	-0.02026480237564476	-0.004589432360077195	0.02603732464335436	-0.00072579458003355	0.023195472148110602	0.010713473763055132	0.003446020035444281	0.014955306088491969	0.012509986971347557	0.01997776675046693	-0.022524994239097495	0.015434361620759646	-0.005589824488789689	0.012755958629751213	0.006803146669231386	-0.020341264724822665	-0.010023510642226893	-0.01590238558531572	-0.0011448944497430655	-0.01007948452314027	0.011482141078495106	-0.006852081038294219	0.0005462438040298623	0.0013412890667030076	0.011393971952149888	0.004469010869242266	0.0009228074906242163	-0.0	0.0	0.0	0.0	0.0	0.0	0.0	0.0	0.0	0.0	0.0	0.0	0.0	0.0	0.0	0.0
e95	-0.0846910061264427	0.038740858684781	0.009598895881013453	0.054540458344162476	0.047193150510026524	-0.0910307179234115	-0.030243766146975916	-0.033506512437225223	-0.05848781972519245	-0.0031917255594881636	0.012099164942440389	0.012330067883902158	0.020753711356079056	-0.006464635541191023	0.03588695836948057	-0.02740411535674526	0.010751068992368294	-0.012520233574646355	-0.0116395832419305	-0.006929208629646604	0.0027347174092659543	-0.001168881264159405	0.0008827537683870713	-0.007736927535619205	-0.0013654780717885775	-0.0054297280723154175	0.012054864841046025	-0.005226878777454878	0.005454395169093797	0.004736800831458061	0.0015960015082610638	-0.0012596763000932096	8.9703249117763e-05	-0.0	0.0	0.0	0.0	0.0	0.0	0.0	0.0	0.0	0.0	0.0	0.0	0.0	0.0	0.0	0.0
e96	-0.057140706234760814	-0.0731073257726502	0.074769785841693	0.028825574875616225	0.016699580592217884	0.01630727927065729	0.018242992988440624	0.0035088808430128737	-0.02295501621457053	0.011146430188767915	0.009943374915855265	-0.00023223015156792826	0.027130201636318834	-0.028855733233617648	-0.019346657962438174	-0.019545256157392752	-0.016897150216077204	-0.017904366996181042	-0.016617106559122557	-0.005276772549852822	-0.011117163424192453	0.017432892231891584	-0.021041602474446558	-0.0076093196336444275	-0.002003289150995437	0.0026388938076255994	-0.006986646954255718	0.007291142339690935	0.008529291433374019	-0.00905090985741405	-0.007460569405736527	0.0049013068337905395	-0.002356876640683274	-0.0	0.0	0.0	0.0	0.0	0.0	0.0	0.0	0.0	0.0	0.0	0.0	0.0	0.0	0.0	0.0
e97	-0.07994004120542463	-0.03165255458013032	0.021191785452751282	0.002294194589610003	-0.03413614903828384	0.03901126697779771	0.015434305196256978	-0.00876348667145256	-0.024052513657259703	-0.017213481091488993	0.04522055699662019	0.020752624810296688	-0.0032897506791858748	-0.013214892920952796	0.02014190797858904	-0.01778556780105767	-0.02225393707806492	0.01259883713066813	-0.0003013247506177428	-0.00953437683210244	0.0019378966260930857	0.011795163625275443	0.00915979678079805	-0.00983199155123853	-0.005733987760482657	0.0075357354709976575	-0.0011317645577153383	0.007601785145879328	-0.0054265179342804564	-0.011060797093250778	0.010601999278958591	-0.008063167076513241	-0.0011156913899066933	-0.0	0.0	0.0	0.0	0.0	0.0	0.0	0.0	0.0	0.0	0.0	0.0	0.0	0.0	0.0	0.0
e98	0.048883549595667396	-0.0886051915871417	-0.09410363835787447	-0.04307814609814617	0.03032334285894263	0.0035893173982894547	0.04112530548068814	-0.010812162925644582	-0.0022792264984848997	-0.008584572822263391	-0.062491971245763785	0.03445512264840243	0.022049616345565983	0.01565496665183232	0.023448880017653228	0.012285052527066714	0.01012943201789641	-0.0023667538386001564	-0.00010242464316386228	-0.002858199489297341	-0.029615049173768747	-0.012338909003935809	-0.014165249061861566	0.002717608833604986	-5.501624060732623e-05	-0.0031996485367240543	-0.0020855428523829434	0.006544544587926489	-0.0006809317767397105	-0.006545699438104951	-0.0002538654195195202	-0.005821731981651347	-0.0025120149443997085	-0.0	0.0	0.0	0.0	0.0	0.0	0.0	0.0	0.0	0.0	0.0	0.0	0.0	0.0	0.0	0.0
e99	0.10813766540353376	-0.1055723638758678	-0.20155719916648088	-0.04439266408944306	0.09056821885426775	0.007807260002558222	0.027726551162985454	-0.04944945262949697	0.011343137226811496	-0.027430464586370464	-0.001955493595965313	-0.005571732847173706	0.00899038406415513	-3.0068381278417873e-05	-0.012691731474891258	-0.019168997975179583	-0.0167086849154349	0.001693345684387653	0.0013037897953076135	0.02217127972604372	0.022974201274874016	-0.0009259660299736946	-0.00578380271351481	-0.0050165498278232565	-0.0058629515057327716	0.005112616258576291	-0.007555166230058152	-0.009459006109579936	-0.0005765508591452906	-0.0002710979091777227	0.0038287739249399126	-0.0038184850512601523	-0.0003583335514673204	-0.0	0.0	0.0	0.0	0.0	0.0	0.0	0.0	0.0	0.0	0.0	0.0	0.0	0.0	0.0	0.0

Biplot	0	0

Site constraints	0	0
