Eigvals	11
0.33080964125089873	0.29696512750787213	0.27790635052617363	0.21232873936039748	0.17132343086921561	0.15871710871447933	0.12583145504574078	0.08823739933461594	0.05764983389184608	0.02016760720255173	0.0

Proportion explained	11
0.1901274008692273	0.17067582319660404	0.15972210456381392	0.12203245102464891	0.09846532433574959	0.09122004799876902	0.0723195593845913	0.05071299413014021	0.0331332939298655	0.011591000566590202	0.0

Species	0	0

Site	11	11
e80	0.00012491870302771022	-0.05181785559966492	0.3448396682025264	-0.2285603208155791	0.03191415251886748	0.014496641063516863	-0.030883021907951752	0.13399134684242633	0.01190935719145961	0.01038095224226668	0.0
e82	0.02636249937975691	0.29796269157147554	0.07634195910567775	-0.07039819462005557	0.010831489667781104	-0.22786768843824767	0.05702822093266966	-0.09956712537888465	-0.06292363196025226	-0.024186437130395366	0.0
e87	0.40060656061843425	-0.040019583960314103	0.14013347803851575	0.17014243069819937	-0.10209222509924397	0.09792893361614871	0.09139393500963783	-0.03945501206234131	-0.007904120153575564	0.010242201513513386	0.0
e88	0.09359481757588586	-0.24087028849713218	-0.09401513097099112	-0.03681636227453104	0.0321832795258445	-0.024066511466625678	-0.12069654911528291	-0.020837762024182187	-0.02793246992665314	-0.10093190863960363	0.0
e89	-0.15975106764069624	0.007936860146137417	0.12435459719417814	0.2354904364242547	0.2770151773089999	0.028775692447120232	-0.01587927752678399	-0.03891787370165456	0.04954222170146119	0.0008920420492598161	0.0
e90	-0.25714435110890443	0.04154878875036589	0.07476797758992536	0.12317720582409299	-0.28262696851340247	-0.006230550245621946	-0.09199552933131931	-0.013650333632678107	0.0636406574436084	-0.010732697825487128	0.0
e91	-0.0126030968873576	-0.27733275207531005	-0.09052735273282532	0.000506614891391753	-0.005851685617526628	-0.175492649300629	-0.039473369396880204	-0.03660117042577133	-0.03876698664267624	0.08664484098664972	0.0
e92	-0.08387961736850896	0.1402250611037961	-0.10648505587635892	0.033733973009714	0.00390860915481558	0.17028535909560813	-0.0710323381289343	0.0615580973604481	-0.16845318399538192	0.018731194518503524	0.0
e93	0.20087887852184022	0.20891475733940465	-0.22653374540395557	-0.04869916661996987	0.0428869330380681	-0.00902804075425154	-0.12025714165770852	0.06666677761086703	0.11798722908939671	0.023025587425164633	0.0
e94	-0.10222096298348818	-0.05107652749506595	-0.16197847397163692	0.04251856174392001	-0.013867684645482202	-0.0507283541762884	0.2433964439361574	0.14673266870444296	0.01691171132190318	-0.024053949050009363	0.0
e97	-0.10596857880998886	-0.0354711512836926	-0.08089792117505594	-0.22109517826143651	0.005698922661278578	0.18192716815927118	0.09839862718639593	-0.1599196132926709	0.04598921593071011	0.009988173910139567	0.0

Biplot	0	0

Site constraints	0	0
