Eigvals	34
0.6830040101259642	0.4523031010295552	0.29689030334447936	0.23796419079515446	0.208067041335635	0.1878118769949174	0.16603615026621965	0.16387187145842533	0.1419709117584528	0.1293028507920118	0.12321372090476872	0.11588749826721766	0.10627052886634773	0.09370766843299032	0.09024411994676829	0.0869091106057165	0.08119335727980219	0.07881379783164771	0.07555300992482267	0.07309849608074188	0.06391059977001713	0.06111153009314769	0.05720305902536754	0.05262337364082215	0.050270453815642414	0.047647683822030044	0.04489401645366657	0.041828366995332884	0.039685633552713144	0.03749793493442753	0.03441247931770246	0.030666171709996144	0.02882234270762558	0.0

Proportion explained	34
0.16329310975522274	0.10813696380117206	0.0709807558528835	0.056892656776875265	0.049744823915452915	0.04490220407023579	0.03969604703163628	0.03917860963498486	0.03394251180391537	0.030913822309987807	0.0294580285807416	0.0277064697911758	0.025407237551530164	0.02240369947976183	0.021575631716296017	0.020778295187828744	0.01941176860622028	0.018842861753001507	0.018063270140560632	0.017476443134283936	0.015279794010056856	0.014610590337485062	0.013676150150335312	0.012581235542139909	0.012018697709913338	0.01139164389751967	0.010733295042834873	0.010000357276659242	0.009488070962033707	0.008965034339567643	0.008227361302225102	0.007331691276438298	0.006890867259023772	0.0

Species	0	0

Site	34	34
e64	-0.1720361553342516	-0.13511932651309555	-0.024411642790701266	-0.057812130478530226	-0.0674304968313765	-0.0001331876940224486	-0.010690578499680845	0.009426400041547283	-0.05013822141028985	-0.02782918819712022	0.10420659520834984	0.008211540701453642	-0.08147253431426313	0.11833958913442892	-0.02843269922816002	0.03381032370130409	0.1253973429115535	-0.03297832163097936	0.022808097072506764	0.015571148394103045	-0.07797730758981156	-0.02463159969864394	0.003885909437273687	0.04899464137423728	0.02152061704194791	0.023444542152446568	0.0027473452844478776	-0.03647849778765042	0.012772712698657587	-0.04823412619236561	-0.00891300170966626	0.018645646046878645	-0.002271846469644558	0.0
e65	-0.3029570453034754	-0.024098085528698996	-0.1353918474737852	0.04419677922808571	-0.24093553943503293	0.16005137049981877	-0.045270693641529115	-0.047966933913289746	0.06636769501075591	0.04981053403095928	0.03743933773437027	0.037510722638753366	-0.01898201009629082	-0.09174089985934308	0.0023715440547505094	0.0022961914808793645	-0.012412682526174761	0.03757597280138698	-0.03052344514819369	-0.006876501055056533	0.04228995083272	0.00229408702477834	-0.008177864185526162	-0.029139271043949762	0.011433522271295007	0.015566599477147782	-0.017972873639915673	-0.03849931143543699	0.025809435576247024	0.010083792078117177	-0.003744630471381654	-0.011199618322513424	-0.010271981136510228	0.0
e66	0.06503327325715667	-0.15639287644023636	-0.06595772174961965	0.05229776167148185	0.055680127704192235	-0.05774331133384346	-0.03123156149811892	-0.06320034786703618	0.005700950382153006	0.0883464068399246	-0.015380297792977952	0.04672686682866698	0.0058192614071770924	-0.009679714584428473	0.02308380541589581	-0.07813468597431335	-0.09044831027302261	-0.09831499447584136	-0.06940743445424864	0.04278203438059766	-0.01990308854034605	-0.009207431542554505	0.04624831016987333	0.05037595312516009	0.023984311785282222	-0.0015947398851559838	-0.0058994518657663675	-0.02087860571160459	0.0324746061468666	-0.045371562364325345	-0.04868301000329885	-0.03513302153252469	0.03551410681392322	0.0
e67	0.046320288533385455	-0.07854198848311032	-0.007479991946650497	-0.009558461384748453	-0.04836853831050986	0.04235343549648251	-0.06112596923546782	-0.0595497709455697	0.012265161547820485	0.10265499912106651	0.05301012296813457	-0.036974608105102086	0.055149269279386424	0.08543826825421069	-0.10876413512188349	-0.019791239102105344	-0.005126250870173649	-0.02143118227671864	-0.019143766313380595	-0.044765579475333425	0.01043274473728987	0.06493470906241061	-0.04738208673685396	0.03942603561310354	0.003742009557584956	-0.011127290181433975	0.03697315779487052	0.08585423281012113	-0.002738752720678527	0.06645845764765858	-0.015106470711628883	0.018662117053445965	0.012719935122771493	0.0
e68	0.0911647380699035	0.038147210609742035	-0.03732151207684785	0.022537172289593815	-0.05266886103847031	-0.06391952012533803	0.024507264014111806	0.15150210535013223	0.08805090014388381	0.026311641690422667	0.048502249561179094	-0.09368300623081861	-0.07783977494162514	-0.006472464884238247	0.049504813520337025	-0.005773663500009487	-0.0254023069754831	-0.04874567939406425	0.09135162660861262	0.04977377003800261	0.00862622528535931	0.093251361005666	-0.026761843743587626	-0.020801593835364233	0.006574341207537686	0.041984892627463015	0.05431345744220977	-0.008308120075420412	-0.007343389948068504	0.001750612258802394	-0.005602107238561978	-0.04811253216599913	-0.0018649189141288593	0.0
e69	-0.07670722639032126	0.052705270156533396	-0.057398193775041094	-0.12403242843165037	-0.01151358967608999	-0.10714573342935191	-0.08125253903327494	-0.0385158391209997	0.18125407975013444	-0.06271870040447028	-0.10748663952018356	-0.0348483838164067	0.009759366389367499	-0.003411365453724719	-0.04029759211375255	0.03769809246294538	0.014608579160077649	-0.008170385120213184	-0.015761891203495592	0.10835566502228629	-0.01315221913188803	-0.049796282219371976	-0.04438399089791487	-0.009921700318451611	-0.017113971788200427	-0.0216597519038151	-0.010894410481333735	0.03851706900016102	0.01589063446999409	-0.00918485512907255	-0.030890698780555354	0.0178886366850841	-0.024326770073529187	0.0
e70	-0.1377450775109337	-0.15875833802858358	0.017963997859282578	-0.07652916019423543	0.030098582979618045	0.020887987079710058	0.03980083612097912	0.010361764967998552	-0.06377834378177602	-0.06953858437598145	0.06834684949367772	-0.09818061994557355	0.012346382713785365	0.015346942919849229	-0.01875658444880345	0.04861029869785236	-0.09123250607301965	-0.026722808949810117	-0.023671036735329533	0.013926988775341546	0.03588035348986513	-0.07471477559161543	-0.06628089312255898	-0.011967234624570403	0.01442863954839606	-0.00596602511675645	-0.042905617103283444	0.015868736570340228	-0.026961236253179383	0.0011855651319739589	0.05612534939038623	-0.05999818489204782	0.029644847645762706	0.0
e71	0.006992255768808521	-0.07818932196207992	-0.06813952722919017	-0.12967963805730068	-0.024709634997950352	-0.0008664670742676125	0.0783500073676262	-0.0830865151174393	-0.004211274504728773	-0.0408162629243419	-0.00451419920303136	-0.06029539331931532	0.08608619370166994	-0.08409583466724004	0.005620239611064916	-0.04846861854762553	0.006804786001016848	0.001210507967148723	0.056508949484677835	-0.016000748072163198	-0.07033205027073174	0.025400772925287286	0.05825123334458865	-0.05558659111746769	0.03392587011865586	0.023493773011914316	0.030891231110584803	0.03590216747139077	0.03410605679680394	-0.02862921568700642	0.04727748163343991	0.03965085652044629	0.043361348659463755	0.0
e72	-0.09096195841781152	-0.06698286356789541	-0.08604282146122479	-0.14184016192881904	0.01668807644978013	0.028397222040317888	0.00469583404087229	0.025632694873238947	-0.004352879511173008	0.01097558288452952	-0.08787213958812416	-0.028200631108470018	-0.05288428769556467	0.008162239424874729	-0.038380468111140396	-0.0310310307213611	-0.029402183212925422	0.01622868481218178	0.0018305830948115425	-0.0525352853032622	-0.04342768784520094	0.014927919416448027	0.1092708833422365	0.013776092233007315	-0.022614138722029508	0.011673354369765885	-0.029281922303716273	0.004779420091714421	-0.09151833530802804	0.026971022513433366	-0.010298007574589266	-0.03395223556522924	-0.054535956031834365	0.0
e73	-0.020130038182302155	-0.19216093093584716	0.03213179492445126	0.024435314259701874	0.046104896699191655	0.03104362118207923	0.04458640146176652	-0.04047762317937773	-0.03064616245735191	-0.07413848919431099	0.050644793434513447	-0.021791783322114924	0.023997498580546065	0.05811689981621761	0.04522197665952687	0.030175738972040414	-0.07123376237713418	0.06572287411961945	0.024255931020412756	-0.02646190510991212	0.02226399788966501	0.03079708200362467	-0.002134162583074119	-0.07419138934685719	-0.03803406914898636	-0.032696971507681416	0.016707931573286414	-0.00044211394815389773	0.01616927751037593	-0.03532673844033948	-0.09842742851139953	0.021511258134831568	-0.033897828366771056	0.0
e74	-0.07480320719434913	-0.11224539102355817	0.01579747171898303	-0.12444634451322388	0.050153651595188496	-0.01830302772944236	0.054562433840542414	0.07623431265330102	-0.07658433523716265	0.0008430365432556457	-0.062215332955772654	-0.012433269620796045	-0.033069035716968904	-0.03442256051768166	0.05653510243351569	-0.01272486684448988	0.06914110969936493	0.04179335696368833	-0.005665836834756944	0.003213921303471512	0.05276842876107518	0.001189343914160571	0.015406283633060867	0.051744769992124635	-0.014645063391566866	-0.033742922773721595	0.009071156765976933	0.007440767269363882	0.10737193085221469	0.0716976732065439	-0.010786152805242198	-0.027376559174143975	0.0017839417342304846	0.0
e75	-0.05764195540978859	-0.17463296437587567	-0.042429345356647864	-0.04830137636341944	0.07594699315251421	-0.02125513438209279	0.04721399519278091	0.016613139425436473	-0.01584214974101626	0.009827705521958649	-0.07290948838993443	0.029299193049026305	-8.979941210971713e-05	-0.00560948316656873	-0.0034656568624670575	-0.052405888293271995	0.010337587874783729	0.0020861012853762117	-0.06503808068273728	0.029177109412566626	0.05925840216002314	0.05098778245898227	-0.07314402509190643	0.004226592385114615	-0.040067178285381436	0.03471817432356889	0.03947313173263346	-0.0753204809494665	-0.053006290412500365	-0.0063661588794690985	0.038333595097112205	0.06757985465404391	0.004245891754811343	0.0
e76	0.0975155669836973	-0.17501211655233864	-0.004915659136474799	0.10293508522734651	-0.04426678448126742	-0.07528292581309719	-0.013453864158100553	-0.008753940384888675	-0.0018301057555604734	-0.01705599603090967	0.007651278119209527	0.13760157943844542	0.018237762200468605	0.029420318239740336	0.05573230164011239	-0.03522666107611544	0.026595219945903532	0.06703734719838056	0.026148296167101213	0.06689143671264149	-0.07906602502669521	-0.019864197984833302	-0.018020026925028	-0.056280989171939154	0.011989646082108127	-0.01673619112209999	-0.014536772322323987	0.006964999331084166	-0.04212977492260123	0.0799566317386551	0.011602262981280859	-0.023848623653733636	0.022508110606368224	0.0
e77	0.16592039688122057	-0.05711571283158655	-0.036380409740091435	-0.00016901709061752324	-0.03689611113974681	-0.09852934599991023	0.0195141885392643	0.024131582736440685	-0.04209842783984593	-0.0010996728182670274	0.04553696746835591	0.06280115839187174	-0.002469015232447745	-0.0715325154293532	0.04160989587229138	-0.00010093390074978808	-0.007714226233259565	0.04321797592728517	0.011414991502120891	-0.016018806746488	0.055607216253271696	-0.01618257133279862	-0.027943784226795877	0.06438041651290484	0.08734840462480005	0.04089135123668673	-0.029483226043945484	0.07065947781679346	-0.02087190599247042	-0.03734815769146722	0.0006227484387882326	0.02723346714422664	-0.06456087652662244	0.0
e78	0.05806251621733038	-0.10291846911182137	-0.1659288155402029	0.18536172288272523	0.03695554448628286	-0.08956187331319852	0.12479563952547051	0.03696300697305762	0.07424999625786353	0.05112610247269485	-0.049644666667931214	0.0259972879634859	-0.02378483774126187	-0.006261238547864955	-0.07461130986466108	0.07190499593368019	0.02435093362973109	-0.03272972301453246	0.030517836152478075	-0.11013527883971634	0.004596088597242666	-0.05849196470963429	-0.0025591017960861977	-0.023271964226358462	-0.038103566877491155	-0.02083546812463727	0.004399970707280352	0.0019421779829900715	0.025735423308239847	-0.01005940185110396	0.024734956471216655	-0.001616443112380775	-0.0027042628212531304	0.0
e79	0.18043055709118552	0.0560177354853365	-0.042640280391976315	0.08872026021096772	-0.021932081563303913	-0.013371445931203615	0.05162300173968153	0.03404214814200044	0.022833754731035126	0.0004653952285918354	0.044135918425653405	-0.11005359661216826	0.058310126924189264	-0.0021286954308801062	0.028445643122171065	0.08060865068128903	0.052453309178080734	0.06724343027425865	-0.10462775243104032	0.03553056051179287	0.004470672214362353	0.012136940450190748	0.059917409917164335	0.027414569134137017	-0.04006744821874235	0.06131852081779012	-0.05186239433383117	0.0013804272238961532	-0.0199358547572295	0.009654850330589881	-0.024811014332572108	0.01302321271847212	0.04514680234280532	0.0
e80	0.03921666321555241	0.12685350473274595	0.0024442229825870853	-0.050854620445857236	0.10069341772130198	0.017748937315427586	0.08882481630407447	-0.0458744950734683	0.1366940161889993	-0.017199865674775754	0.06892977597595112	0.015004915520663492	0.049432035876163814	0.03511751853483564	-0.03623824921843751	-0.0853817958849381	0.07322320121833303	0.04482459549779872	0.026278834553656243	-0.021123220459635068	0.062390498057102235	0.027936931028964572	-0.0003983902097320168	0.009850152660785207	0.05898269379981432	-0.06468454561078	-0.0448941803947982	-0.045837702234800194	-0.020224176921709847	-0.01947089157426664	-0.005311823493035634	-0.034902714779247196	0.013903897477305293	0.0
e81	-0.006584497947380339	-0.07637418902002399	0.2823154202909402	0.09548584806308807	0.004042124495909641	0.0007150554681280316	-0.019743983452877863	0.04687229799377997	0.02342189497210561	-0.12140961933508433	-0.041155473482797876	0.021367372201897744	0.0022006966052610104	-0.08892409509004158	-0.14128024430369532	0.008463361026746599	-0.021136133180095395	0.008895568456244401	0.002360723518668696	-0.022476759284618283	-0.04117681868717118	0.03920392688924696	-0.006278459922543888	0.026756967346193466	0.02781444302150382	0.043384736865786824	-0.012686511124740635	-0.03265911287677245	0.021024208732171982	0.010909937670719287	-0.020237104944519982	-0.009214486720852899	0.004210743123461327	0.0
e82	0.16363710529178782	0.04251944536260317	0.05455171592235899	0.0015761100296905303	0.04923141666942836	0.021583090802011786	-0.017546124977349472	-0.047296177079473256	-0.0800412303956911	0.1467049185727995	0.06213071733607835	-0.08405850408105342	-0.013927946885353064	-0.1133539311722915	-0.05822169327877049	0.0048623674610086915	0.016690124007007662	0.06091998490727385	0.02541874750196579	0.05899633213141354	-0.049291256283807726	-0.057730660334876636	-0.02201464469695692	0.005956123559054134	-0.02399240247318522	-0.05642892048543437	0.043075868268528675	-0.0387956720575744	-0.019151002991920258	-0.01096102564426792	-0.005504599665387107	-0.003587312737671375	-0.02907940786968913	0.0
e83	0.0979118426941359	0.2234194797241615	-0.015980538226797708	0.023331135076693443	-0.09402344839589011	0.044574189810740655	0.12413335206117417	-0.0037583074807490268	-0.050601820583819436	-0.1112785927838655	0.023324535279899302	0.03319599016116418	-0.04866459044307899	-0.004708062649068145	-0.01435264220872899	-0.12930100923704238	0.010744313869729672	-0.023977712069156644	-0.06831993782387275	-0.0072988526564942095	-0.029279091717386775	-0.02789963381527161	-0.04100670764043163	0.0029127002630381276	-0.0801198114397135	0.003301425004505139	0.025823700270346008	0.045955809231931835	0.0035293235119506295	-0.018390657945823712	-0.009977908036715975	-0.022491860344541037	-0.00969516227903164	0.0
e84	-0.20390541722605218	-0.004405913227603363	0.14135629824574772	0.14727604373804218	0.043428034376523664	0.166407885309702	0.08866362427323571	0.016617072058076724	0.09354826980480846	0.012530886089456683	-0.056425500972104956	-0.022742506621376116	-0.03298731725887407	0.017538952306676153	0.09201567034187828	0.015295903851107575	-0.022477863548251573	0.0026206013605034268	0.005187596789005991	0.032715564342715546	-0.030011428015956697	-0.01545708275923952	0.02001749281926225	0.06640238071880372	0.02565370554961883	-0.048954497518408156	0.03375761055760937	0.0455140933123281	-0.025616756935634255	-0.009929140234929905	0.026864406727233132	0.032148434398622104	0.002651869114430153	0.0
e85	0.029074459634183862	0.1128011525619287	0.08415650912721903	-0.06359754567416888	0.07672953000784911	0.07393147746440613	-0.001252707477375914	0.0991399386191131	0.0036553688263064087	0.14314293993622126	-0.05112308631173444	0.03137631101313036	-0.05759899648815945	0.08055231186453482	-0.02469085922556056	-0.03540634650677856	-0.036040586156682715	0.07302827361260789	-0.011525871672917467	-0.0006696301393121282	-0.021510104686043113	-0.028263516645731717	-0.023705391263590427	-0.07377001820813885	0.021718666750597	0.06749854748097833	-0.04771860582744143	0.02107059350938189	0.04585909218574236	-0.029207841112845093	0.007401529377895578	0.012036518492405354	0.012813228229962711	0.0
e86	0.0593684726644483	0.13468954906671698	0.024651198681390492	-0.05063773655841109	-0.011871651742310934	0.06616764285848586	0.14254695908976922	-0.10593996455662633	-0.07708393931892667	0.039763299117274796	-0.03682130715240061	0.07136125020198532	0.005094635245793594	-0.010491705765239024	-0.0032866062774303496	0.08536694630592358	-0.010100555714943556	-0.10731467086577123	0.08359146426103303	0.05939959936753805	0.010423184721227366	0.039570052490382236	-0.015723711762691682	0.0024502933173101865	-0.017991824909737	0.0116138876181356	-0.07367750548205283	-0.009653273313899511	-0.005321178546980227	0.030680998621571254	-0.022365825906263792	0.017892589170355105	-0.0018974586457124792	0.0
e87	0.05178345444170979	0.09985571427883286	0.03969762731659856	-0.09148033740130138	-0.013496375366969987	0.03909695161685274	0.01047747198701023	0.04942190526564197	0.0029149317664192986	0.023877452090434407	-0.0489321823861824	0.03197804521698706	0.14551396868739624	0.009162502719883142	0.0747915834208577	0.07586061132407196	0.03156512666787674	-0.0477434082320692	-0.07074405834165196	-0.07311469668420684	-0.05614878583447226	-0.016987416327312804	-0.04456790584928331	-0.016444076644918978	0.048359298192370566	0.012192357775006126	0.059808585939894326	-0.03400299103571769	-0.01048239422025397	0.0014307093491982437	-0.018532147099393298	-0.03828427046399755	-0.02761089001749979	0.0
e88	-0.2295394991201459	0.16345505703132593	-0.12502928921962717	-0.01154956696120492	0.2246830943199706	0.023495710158121248	-0.0793580436091514	0.08746315554570613	0.012100321533423252	-0.03975768969607119	0.1476525879539903	0.10449932764899383	0.032968102345233556	-0.05400249137788656	-0.010510489734355175	0.0258436596845798	-0.03113692543079392	-0.016434181731405303	0.011228367939431383	0.008711557265273718	-0.014016481222280929	-0.005968443203327807	0.024158884929205007	0.008812178656873705	-0.03130352894617301	0.0223262163857657	0.022699832258936556	0.01652801701167329	0.002797958240793074	0.028163034532718536	-0.0021866725902813192	0.019657336208009756	0.004922914228727469	0.0
e89	0.09499616354581542	-0.02867237513330837	0.10492066402194404	0.029105409762820146	-0.07944356710764465	0.00863729322838502	-0.07237534520163827	0.049981484123998325	0.035497272664003036	0.0053982964745024915	0.02754322874165071	-0.022225827002601856	0.1382936272842124	0.06075388752480261	0.02750641552237894	-0.07200798449457159	-0.02589657037396763	-0.03690844964128668	0.07306579558891955	0.004619581224541032	0.03139845907008439	-0.05903855482685418	0.040026019343807416	0.02843286977596969	-0.07079043947263511	0.020243414226384898	-0.026897309245706765	-0.0367273528775837	0.029263095911158048	0.007852710496276569	0.042896652240101994	0.018564984344998467	-0.04604627632129767	0.0
e90	0.06515578198123885	0.08235339641233165	-0.024974963900469563	-0.08299853771177405	-0.12185342971220695	-0.020608445860573248	-0.09310107758582449	0.13409549496447418	-0.03897341116050381	-0.00971319737400035	-0.04368303310182772	0.029701976827074515	-0.004755651570987611	-0.02166598641006248	0.02148325358275848	0.014249550863022618	-0.04329342702186333	0.02265892208570922	0.050473237830429674	-0.0643914237061588	-0.00905449534882067	0.001554364594163432	-0.024669509058336057	0.04116871735476467	-0.02448002480105574	-0.08027976310646315	-0.025797857562188328	-0.010578362315588787	-0.030888432102684722	-0.031797541251570784	-0.023000526334002194	0.031832580749587044	0.0772896383970721	0.0
e91	-0.01448080095340866	0.05340290624481798	-0.16466179531107175	0.1828040284917097	0.06120441209737532	0.08720205597635697	-0.12145254555770794	0.05358159436006582	-0.14160337386719285	-0.05586018929458474	-0.10221021450855457	-0.06452045804401436	0.051090589334006	0.016248413710740442	-0.023388834385041034	-0.027456817993104603	0.06092609438855646	-0.026648170562432214	0.011116178760995988	0.04055179125056937	0.010564686085656933	0.043542344826064235	-0.008791812032298557	-0.03154844284865449	0.04060331330791494	-0.028202233744552205	-0.028291231571902737	0.013074848541784718	0.005789840666976827	-0.02470486664656071	0.00906023661135278	-0.010373761518533194	-0.019252896691705178	0.0
e92	-0.4590372984939416	0.2083145112414163	0.11793528462135253	0.08034342903038505	-0.04378606883345366	-0.24806960107557116	0.020635696851418885	-0.05826512443027241	-0.07940212393609687	0.06232645296516438	-0.008697995470110537	-0.03189052904179278	0.0285057340547689	0.020298004158602466	0.014789877551185623	-0.017017073046876115	-0.006808993305799209	0.016607024714994475	-0.007726111779744484	-0.01979403836296626	0.009137806105692778	0.021461341878358207	0.013377761724936056	-0.015128751173537652	0.0001974199331388771	-0.0035549795039579433	0.0002206838305050369	0.0016435427831601632	-0.01040811849376196	-0.003619880545704195	0.0030630349916851312	-0.002045192772204718	-0.0002560153729948035	0.0
e93	0.12464343930891562	0.033668922286163964	0.027797513222349676	-0.032316550903501384	-0.01809213158604381	-0.0007588525089716996	-0.06101672149028643	-0.08496885652788541	-0.00921806025377596	-0.01441361737193291	-0.018016285914676074	0.10144773150973886	-0.007926247595145331	0.043787915816163515	-0.018069769540185604	0.09551076083530854	-0.02129580540125968	0.06701346164904276	-0.013886027294297413	0.029878926716272444	0.023992940125772837	0.07556040370310838	0.03883305256212979	0.021138147568366468	-0.04601500447663788	-0.013899496580801335	0.04013506301074483	0.013379612963769728	0.020606582768712862	-0.05796965405843869	0.07356052484503449	-0.05188437948032447	-0.00452372368350053	0.0
e94	0.16753728321824668	0.19663303773793128	-0.11079610194606158	0.023808341293949868	-0.018347241577425403	-0.022680083468512222	-0.0011701764118924797	-0.07487446645705549	-0.02540490687093829	-0.08290344583351798	-0.01916920080357667	-0.03899441708035773	-0.06841583147578198	0.07433864197013396	-0.01132243464598034	0.013562834270315462	-0.09686871096099503	0.03286280902811923	-0.0033841557989374676	-0.008342882435475821	0.007371692516315367	-0.04109293657398261	0.02423724680610325	0.019064641305791	0.07478668732968982	0.004964421623213888	0.0453924288245667	-0.06349031551639557	0.023946947284339548	0.05930160318670252	0.010533319238808115	0.03490091267253561	-0.0015856073268280888	0.0
e95	0.0781497110861736	-0.01107756435796002	0.1406391577716394	-0.024238554123620203	-0.04865755227116677	0.010531472853142314	-0.03465588480085439	0.043038497253249985	-0.023394241860667093	-0.0017596178157091124	0.009367871365237687	0.0402386947894349	-0.040331645390139094	-0.008814436667431766	-0.03471272378771507	0.012893784945439466	0.05651570259528547	-0.07342823357858631	-0.02381099783112604	0.025927719441326776	0.11421373030002804	-0.05881845696465111	0.08996679046369774	-0.07981145588383858	0.027832241972388132	-0.013565257172782038	0.0546442544291628	0.02345846971810608	-0.0370441620059631	0.00174332364374718	-0.015142206931518194	0.013821055827465848	0.02252866807959339	0.0
e96	0.1313826033313356	-0.0041813299657805555	0.087463676735787	-0.013664414452901029	0.032676205318731714	-0.0359794756332904	-0.08392218703833783	-0.027102000055914493	0.0386629705987572	-0.007410386958541941	0.07195321556502082	-0.03427559426808869	-0.09675801557607676	-0.03211895159322919	0.067793911162693	0.006026513369844064	0.010097637749749982	-0.07165719322981606	-0.08660949886016285	-0.05647272856948179	-0.03954276237067688	0.05740103588995045	-0.0024752851932055234	-0.048735736929025844	-0.003858674912253472	-0.059561789587752635	-0.06475499819864382	-0.006117201553627195	0.021385374400996422	0.018042319962399567	0.0439430635020315	0.032818258185584114	-0.030750539313577054	0.0
e97	0.03223360426793066	0.012042864126817546	0.04205790382984959	0.029492141419003283	0.09397699599300138	0.03138303221251775	-0.136311518740311	-0.1754882331572134	0.017987424308048002	-0.01920253349577235	-0.04411900040935313	-0.033150835882724536	-0.06084771279529786	-0.02318797312911985	0.08227695844534715	-0.012811970744004517	0.058576730738797024	0.0016576221110617497	0.06628864535906537	-0.07954536939017244	0.028202525368535594	-0.03800487503108445	-0.03717768155493294	0.013314972476332274	-0.03169868423085227	0.07487462892967527	0.007419457700004211	0.007854651049696841	-0.020890738528576744	0.0006884728804486266	-0.016497824406354757	-0.02384652177104899	0.031886474531440744	0.0

Biplot	0	0

Site constraints	0	0
