Eigvals	49
3.7951150127103714	1.8438707311256362	1.4657358167301462	0.8555075494329124	0.6282724516144178	0.5215321665346513	0.48702981539545037	0.3640888732647759	0.3566954055964045	0.32475259389531685	0.31715221615906314	0.24856570649654744	0.24123449217519177	0.23065622386191373	0.21821853439902283	0.20896332768548798	0.20585498784108394	0.1820510516583034	0.18014251975342	0.177326622388641	0.1627113999204376	0.1467948159111584	0.141008973326622	0.13022462706983223	0.12798653437590546	0.11799708663569174	0.1157946184834641	0.10939670434978609	0.10516960977071185	0.09951396782736904	0.09784510484431067	0.09141937454385997	0.0886630886898119	0.08524285147802883	0.08169996329939115	0.07991730210177897	0.07732930990668731	0.07094311854354804	0.06777580725407309	0.06420292436892439	0.05690609692126506	0.0505843010175725	0.046658734147373954	0.0442763744583042	0.0352385132495487	0.02816171486330455	0.02216615077515603	0.012440715800374747	0.0

Proportion explained	49
0.2495007534095117	0.12122086815941839	0.09636129322792317	0.05624329629435828	0.041304268645151895	0.03428688407120506	0.03201860957232965	0.023936151574680722	0.023450085738101475	0.02135008203366888	0.020850413389888335	0.016341357464780756	0.015859384325505984	0.015163941392922518	0.014346255267134041	0.013737793852854382	0.01353344348918049	0.011968510676386991	0.011843038814116755	0.011657914381343778	0.010697071559755578	0.009650673838284465	0.00927029746520593	0.008561306431446333	0.008414168383860193	0.007757436050589407	0.007612640053234692	0.007192024501069383	0.006914124284954702	0.006542307641413587	0.006432592238793169	0.006010147979317672	0.005828942562645506	0.00560408725303799	0.005371168549163332	0.005253971755287909	0.005083830402435427	0.0046639855357623015	0.004455758235572504	0.004220867601506605	0.003741155144942605	0.0033255438036288677	0.0030674668050679017	0.002910844269169879	0.0023166717149144898	0.0018514245423830464	0.0014572605309899538	0.0008178850851032162	0.0

Species	0	0

Site	49	49
e100	0.3161790548333756	-0.39408123063191963	-0.255038431083477	0.02365935229990643	-0.034029443381334144	-0.008172580846942777	-0.04608594838146488	0.1418865529856346	0.05524162120224931	-0.013179796296512763	0.01772289141198051	0.06597863453808168	0.005283860199240446	-0.02882974738010532	-0.010310018513047435	0.049318757154952604	0.08308461566399059	-0.046095262100708176	0.04967478494472118	0.11853463774332355	0.06543373228389443	0.08117140285235105	0.016438919774150323	-0.057457141743423285	0.0582362392717184	-0.06655617204516791	0.10890035136070467	0.12281224160536361	0.10093851160627659	0.05790517444858809	-0.0198516937459335	-0.011685470321424196	-0.004162520023263416	0.01683344208577582	-0.025183194481196065	0.00433822308983542	0.0180427084479868	0.023677198005601193	-0.01850110861639943	-0.012354362999765682	0.007153517002369375	-0.0162876364188688	-0.0013052085915407536	-0.008493173895350623	-0.0019137508556074931	0.007591081327666348	-0.003199453133364218	-0.0022976622050248354	0.0
e101	0.3168419802003832	-0.3600869970387167	-0.2729013174568137	0.024545298733701437	-0.06492768011461837	-0.024057474636521456	-0.034499183231287346	0.08340542477288501	0.029465666589261138	-0.018469885601749492	-0.01042463465818036	-0.1009907835310031	-0.041112036934327745	0.22949981630623537	-0.04615073347106167	-0.2365352513316682	-0.041683249559341946	0.03752878744839387	-0.13480572891428239	-0.0635550882098268	-0.0014684725294715618	-0.035346072126037305	0.05219089100091327	0.03689873517553585	0.051989247049657766	-0.007051688788283509	-0.03234444568088144	0.02230633724300642	0.0019019469902444284	-0.012078493169957478	0.023639218656074466	-0.00587651353850134	-0.004005092635112249	0.00222896742127648	0.01037524320266189	-0.002160928901164525	0.01784102829977894	0.026364708679786006	0.00034644786333595123	-0.0006951582480131255	0.003911944131201797	-0.01587767922737581	-0.005371291576121355	-0.007821141114603584	0.0026590024853386683	-0.0010222301413174814	0.0023084947564929992	-0.001123189083164791	0.0
e102	0.29782237991222077	-0.397829403467308	-0.273797240750624	0.0062339601906930085	-0.016784900704351145	-0.0614355250823555	-0.04970819868623771	0.09234512264931945	0.030819116420986795	0.0016896942675787387	0.0026042116647481926	0.025754925720113387	-0.008429971903661517	0.07053925297356431	-0.04009790835517455	0.05490070470166504	0.06828987787643866	0.01182664943424975	0.059384779848165335	0.10477708076147328	0.05275844920777241	0.10102215504173913	-0.09270763077561112	-0.01691109201849948	-0.05236328159212188	0.0024276465450688116	-0.09279563924964788	-0.1566405873325346	-0.09002130339682597	-0.03866164843848763	-0.02905357461056752	-0.0073225915287627435	0.0064833428019632	-0.01950622240775719	0.007221833406912749	-0.018137875070717943	-0.008594126421882231	-0.04260805621512777	-0.009743981844740608	0.0128508653770784	-0.02427334849817156	0.009470912783933583	0.006108854008395181	0.007959631019859458	-0.006683412146311958	-0.005099671165471898	-0.002345238671717448	0.003321719902241521	0.0
e103	0.26359853305899766	-0.3444300810548674	-0.08619891174221056	0.07450680436521755	0.05487438183225393	-0.18763501094000434	0.012862608255116353	-0.46309173351579985	-0.23460086434041633	-0.021261133326253123	0.0035860393851223134	0.01844608998111776	-0.017593729158504646	0.050536512833224884	0.027535899160006965	0.01948810130595283	0.06054742838055537	-0.031682936389510426	0.011108311740941334	-0.0005670671116764147	0.020178099829100078	-0.000265487052393428	0.00889045292540215	0.018397649219984224	0.007854134009223163	0.012244026419796425	0.021100250784156123	0.0067008072291154346	0.017278820044339012	0.012099331422510688	-0.0031790768562362736	0.013105891672109142	-0.0014597679020831196	0.010995438176748208	0.003529599721779051	-0.002794373697917004	-0.002653210127731339	0.0015892451281567996	0.005279829248741306	-0.0032923726103008337	-0.00015895228305200094	0.0011695957334833106	0.007178922311030871	-0.003944771421295078	-0.002934137321034706	0.0027506575928475737	0.002644798677627692	0.005350340018546524	0.0
e104	0.489270715792867	0.14897318937889803	0.05488342733753413	-0.06025573819597751	0.12682794285312163	0.22596403559642927	-0.014545839165584695	-0.05297442715729906	0.06627756850967059	-0.17469084735350496	0.15608659287439125	-0.008859899520166156	-0.04049519494503284	0.012473799379092767	-0.11397157750730515	0.016559037644492656	0.011005567419649804	-0.023360018907324358	-0.02522398286807958	-0.006804260584168371	-0.014110160871064707	-0.04698330031943254	-0.017984520001639262	-0.018494735788778617	0.0008576746264493055	-0.027257342418908204	0.049782718562624215	-0.10713475170892207	0.04389187604330964	0.010304418569282603	0.03674582113506599	0.06257452573715103	0.010436480979316895	0.08051643467708747	-0.003211337014069441	0.11155985001152899	0.012859495648914667	-0.021612684176007688	-0.0347819863805725	-0.02221175991461131	0.0073412297169298465	0.00035047797823612717	0.020702294416177727	-0.0012529219736955165	-0.0002873634157072373	0.0008946420981427172	0.00021495737757285633	-0.00022776152545790992	0.0
e105	0.4884970824114324	0.16658954056519634	0.08648561327571198	-0.049589293358047556	0.12273582830345832	0.17861676290543452	-0.012407493977808338	-0.05740515228070858	0.06715273365031589	-0.146321355634032	0.13060801616953274	0.010394245358322857	-0.033353879726098504	0.010546604396467657	-0.1049084752685464	0.049406225884606435	0.05740020373610147	-0.0379812920558145	-0.008426499622359498	-0.03573073195099705	-0.011792763539504494	0.008167049588356663	-0.014191489081821081	-0.006436682130314892	0.014757527746970438	0.029115021707340875	-0.015714174908123674	0.04044305083779363	0.010154382763208123	-0.04477286724559639	0.013746378508224738	-0.0647657591513598	-0.005524987258161463	-0.090699029950107	0.0016181783344782373	-0.1490766018722152	-0.030188671164352913	0.047544264105685505	0.04529792490119116	0.017405392346360467	0.0030261073766364643	0.0035485499896053	-0.023044307574929895	0.010780601649805302	0.004963139536971314	-0.003956806674958278	0.002964945442880579	-0.0002467204248380506	0.0
e106	0.4053218217011066	0.20666908284780305	0.17763493528056043	0.023368132784770762	-0.1148010185602065	-0.20901041007464247	0.04575591031090598	-0.02142285992965736	0.1834134305219632	-0.13003739331884304	0.18545602395809008	0.11379881105648385	-0.15563901829887725	-0.00393084805456709	0.18259262045861815	-0.0324772868148657	-0.07890650771474504	0.0316477156350019	0.0008092074153139606	0.033710431161760326	0.020614757824026626	0.02166378263506568	0.022396029972006168	0.03471691633640977	-0.02200106212373662	0.02502486052300583	-0.04918410961386293	0.057033453606334716	-0.051713968123905205	0.034149824392309305	-0.059790201600819375	-0.00295213371951277	-0.010497319828371614	0.018528176885381137	0.0024667583877054267	0.017064337938623778	0.008518917808347685	-0.02469044508350612	-0.0004099110427293387	-0.0013125825243436257	-0.0006492626938736703	-0.003971273776866016	0.0004379682430389869	-0.006587989546746234	-0.0008525755349161471	0.004441120911418754	0.0035792429238943064	0.0003097487323140648	0.0
e107	0.4708135311164146	0.01625787662308985	-0.005769536480869613	-0.05237527522010564	0.15784368010047112	0.3179697173676333	-0.04955818769368355	-0.03164549025730002	-0.06020149383051237	0.01987277784296845	-0.04590933647601186	-0.013004114954830438	0.1698865471145958	-0.001543169805319836	0.259782131733097	-0.08879258099180454	-0.07216704736568372	0.06853004389755891	0.05403686471337881	0.05658935680614007	0.03766642146914015	0.004017888799156916	0.011119059908704201	-0.01108733227032274	-0.00438321832451593	-0.0044529050192616765	-0.0028532766580436704	-0.017411829684598163	0.0007319391534921648	-0.004325674043332309	-0.01953799948617297	0.04089588526555214	0.025713502009787798	-0.05670085807343187	-0.01622972161635362	-0.004839175556154436	0.0017899588306346176	0.006733634865168376	-0.013429610627354791	0.012174802827972743	0.02003397719026416	-0.012945550186600967	-0.008975834361234402	-0.01095239341558776	-0.0037911108367343262	0.000983100617360642	-0.00019931394592337281	-0.0002564389249616875	0.0
e108	0.4817553325576464	0.22859628933252407	0.1569014505134235	0.0014502667382277252	-0.12485945672558912	-0.24620585968816688	0.04492412683444123	0.03943698242844696	0.007986359875345135	-0.06094717585333496	-0.01603812783411679	-0.12524014027312572	0.22382147176481504	-0.007909686584730237	-0.014356932176876055	0.024925679645490292	0.020360087865448274	0.043970909346603686	0.00458287300144163	0.01900548075553059	0.01721876068582886	-0.025354679602379363	-0.011333507743959994	0.04433026878165247	0.026442644758537616	-0.01857479291091441	0.004110922168131666	-0.01122814247519796	0.01078191299628893	-0.009812289207134327	0.06128023398770607	-0.0655311580770141	-0.045681080146494975	0.0035773011649803785	-0.11765081398211871	0.025082265712280227	-0.07997090089282549	-0.019992216336933155	0.010650872121373538	-0.005059978501241905	-0.0007408690456965338	-0.0065959879707102945	0.019488963678369314	-0.004475688367165895	-0.002662832496762331	-0.004629585779246881	-0.0021304510458774167	0.0020391880670835682	0.0
e109	0.5033825121724659	0.27827556483753463	0.16179288731087796	-0.007276618938664026	-0.11248870282267963	-0.16880007599101587	0.025500027219968895	0.04555632355000444	-0.03440276503489011	-0.03752904178074398	-0.047434408436941966	-0.1110043304111633	0.16334267747068285	-0.00853978537880506	-0.060605687420123545	0.024932032556561377	0.03535389559465416	0.007899694908884482	0.004780472480393085	-0.019320189995825358	-0.010388720408595046	0.00816506818292204	-0.016312572693371576	-0.033800993729495535	-0.017813835631201952	-0.005633536765511046	0.015687156581936017	0.02590807057146164	-0.023955812122476394	0.009912306603835661	-0.06144970793876512	0.06827945695759828	0.04776063854857907	0.014467155422553737	0.1497520615059335	-0.026231771489300025	0.09404022524416525	0.025226582505734292	-0.015576695924554584	-0.0031848783274999624	-0.006121276110100474	0.010271187156118486	-0.017258571045187535	0.004411091781610231	0.0034390675241651385	0.002488975608585627	-0.0015226447765231586	0.00020398753556898766	0.0
e110	0.4967031068983619	0.15698973896043325	0.05829813991859551	-0.05300077289021968	0.0916410100223282	0.21178044616284802	-0.03546165324530791	0.012812856560272744	-0.09242286502188489	0.14982746280390746	-0.12300105339251043	0.026084542034343444	-0.02563452862255266	0.0020103199868793512	-0.024184204986868452	0.00884855530186581	0.05411999019837148	-0.00020362962372749162	-0.042420905895803024	0.005475114358190288	-0.03444961794083587	0.045639311744266955	-0.009051993822422664	0.043857649012567605	-0.021373752619560114	0.030202670969546104	-0.051761768376370136	0.0969721615288324	-0.05680344503804366	0.009720648243194737	-0.029955202606991853	-0.08694132837978363	-0.05808216413744123	0.13402882603979016	0.022929375981171136	0.013531496843135003	-0.015136823963086507	-0.049435941964709774	0.016869491635082175	-0.035831453786615564	-0.02529919847434563	0.012811886875640542	0.009628867668904462	0.0077807223079871144	-0.005009570159277481	-0.004289310646692654	0.0032126820066550954	0.00031692551758724094	0.0
e111	0.5002867949747293	0.2815828527373444	0.1182771400370749	-0.014307371320486305	-0.04856787130357945	-0.02265325153409561	-0.028798255351919363	0.04296310341214723	-0.10268444853551992	0.14817774948254261	-0.1101464234668917	0.04812156211574432	-0.12565307147630414	0.018734607841777582	-0.1105074495441599	0.01602083874761303	0.013646845761543892	-0.04721278824504345	-0.028518270797649476	-0.025933779292883503	-0.030360822766106563	0.020285560746076833	0.019471730920989617	-0.02422943147405609	-0.008834579122402368	0.041467906654094305	-0.009274118079733067	0.014257500428063534	-0.02573129226022658	0.041906527648753855	-0.04775129789385868	0.06612598546017984	0.01794552992389388	-0.1284255434617928	-0.09432772777550974	0.06448438074934858	0.012075919603660378	0.005310740449815984	-0.025313178683160693	0.04073990453931914	0.03387969395289944	-0.011074927662589471	0.010194633830006317	-0.017509732143493592	-0.0068532931169075825	0.005948074752528918	-0.0024961334045378683	0.001575264136534362	0.0
e112	0.48971442797478537	0.22946236291759511	0.1242837042783594	-0.00799971366119788	-0.0801227520638408	-0.11338851403784443	-0.007338049563779004	0.06294887067730327	-0.06457449849938061	0.17198762109339877	-0.0900937874500303	0.09860021378778239	-0.15072625496162484	-0.021141492856978125	0.07820377770714135	-0.02243825381039801	-0.059622274032595186	-0.007577735246641884	0.010167984140186534	-0.001052272564582051	0.029434929737588423	-0.035963361220570325	0.005173273279845482	-0.03983174024406564	0.02666819885483258	-0.0507565210514963	0.05845534235144538	-0.11752569442621567	0.09344870801806082	-0.05083558373483098	0.08970116341788335	-0.0246166371394404	0.005041044677175395	0.030895169732898492	0.043402446170138644	-0.06050975283879116	-0.013755330897953827	0.02122660206686269	0.012318291335777684	-0.011217612555453754	-0.021356868014098498	0.0015430430787060651	-0.009905202921044881	0.015453237865261286	0.008387777757888355	-0.003056767821493583	0.0013765233573587892	-0.0019812103879227904	0.0
e64	-0.1820701146035532	-0.18152711655123063	0.3036272975259696	0.10991034075515167	0.08365910324061711	-0.01633371707444339	0.08117538316674884	0.06386223701369168	-0.06974512806413341	-0.0029280558983198687	0.061938120995605174	0.005164955966447217	0.0035987071702195403	-0.027436012918028996	-0.04103191070699022	-0.07074842693452302	-0.01366932719838357	0.03406430036030955	0.03544842700908459	-0.01840543149665187	-0.005849204463771491	0.08007951752064105	0.020092425266315297	-0.008788668889686683	0.023324949964266904	0.0900821378399349	0.06267661243863387	-0.014004002114191645	0.04125527367630812	-0.040421193498106946	-0.039410759459642064	-0.0660701448558536	-0.004670220548309887	-0.05036332757232447	0.08327006431555549	0.06665678109263869	-0.06937556468284989	-0.027483253572696344	-0.03205989779884945	0.0006184816209187714	-0.009352281514637857	-0.008509259491446262	-0.015967820289191418	-0.059298241083722766	0.02092561070780408	-0.05669873688870671	0.02514395337096785	0.010445931450478013	0.0
e65	-0.1114592533538728	-0.22553285796614342	0.3566837233818439	0.26502043529874286	-0.034349071446155025	0.03894081897815535	0.037360161786021376	0.025061128316449743	-0.10615336567467581	-0.014126153711321738	0.05856160935536609	0.029959437051953197	-0.0010205271580890597	-0.08426841164927469	-0.06076175253422035	-0.09511687281709846	0.036964732079170726	0.07545609817410177	0.03144613422005466	0.08332064286214746	-0.03712190234576192	-0.005314464052365997	0.026764582493900735	-0.0036040475932035674	0.018489164053129028	0.03801812085544987	-0.046476361247626684	0.0017189047213456807	-0.013643729449475011	0.02446262029561192	0.04091310308588361	-0.000604294591413042	0.04435947570346925	0.011441679446195131	-0.033778267352821016	0.004389566706432463	0.028029520180072983	0.0034970605067874247	0.00030665593166146496	0.0025575564877740845	-0.007579329487543327	-0.0007080912699038689	-0.032661802428225445	0.07998306078255034	0.0374214838958953	0.008178914899440615	-0.03735661712702035	-0.04407113669853942	0.0
e66	-0.1494706899477239	-0.03152228408082145	0.011936960259020897	-0.2104807903154132	0.1720511922027013	-0.08288360134709491	0.14204004629418784	-0.028948195111683055	0.05200866372941332	0.01590435163490021	-0.030396189883867178	0.0796550881364428	0.045732722014199846	0.01913721195921642	-0.03041789841985598	-0.0670468580785601	-0.027237704856210895	-0.05921644536121169	-0.02585766340107734	0.08543018237129504	0.011495634451302352	-0.10533969832778835	-0.03797559170092155	-0.11315747621585269	-0.054100147051877844	-0.019343094605550837	-0.011603526864114422	0.05872925280414847	-0.04652988120243852	-0.0021183574948142763	0.05681983837818948	0.013184416002731705	-0.10135301290701389	-0.028808135025573077	0.023980315088627656	0.025350043512288194	-0.02891382037227134	0.013548865963534489	-0.07786237731030152	0.03396023051765556	-0.04005684339225615	0.033488267731014036	-0.04829593861220447	0.024838954837867366	-0.004812113012470913	0.0035848993371143476	0.0029327044383143613	0.0016756553802527415	0.0
e67	-0.19755739336156483	0.05269239894501692	-0.06461885979607739	-0.09730370074306971	0.13257465243038946	-0.041526320368928206	0.16867760839472964	0.05744247430390154	-0.11590670732504714	-0.03693413980621163	4.951157038509773e-05	-0.02330598480886101	-0.035165278685402174	-0.01202265291983131	-0.04972792959510244	0.016992089299057826	-0.11789310879591497	-0.03589246819933254	0.0234926423293801	0.10731118709411652	0.07415402554535268	-0.08400090285304324	-0.004361065961730969	-0.004468888359994668	0.0123481457205428	0.02766923339430548	-0.014352952213768014	0.028750189579029015	-0.015734529731753485	-0.1219076842511276	-0.06321488212741813	-0.04207733118645923	0.04243433996289392	0.022897575554518008	-0.007834949031926945	0.007986053588007096	0.03233508062178793	0.04253418943283414	0.013353514666737835	-0.017245575629503462	0.037185714303213414	-0.06194357783836204	0.08029117852709791	0.015855432326392402	-0.0004720346007757057	0.007099070971130154	-0.016870002426298585	0.00864862023727117	0.0
e68	-0.20088803660180102	0.15147838460963647	-0.1722502097628276	-0.07621104806597555	0.049046804717583936	-0.02899458710926693	-0.10728930348198165	0.03165168925693154	-0.10394548892042643	-0.04520662664682781	0.016487905935819162	-0.05493439412942728	-0.03488662650966459	-0.062184908969751526	-0.0493404067941276	0.018536365308359375	-0.08353131326133616	-0.030880164022761863	0.04079188071124526	0.030825806610236588	0.07583406764332397	0.007419798004211653	0.060861332244868414	0.10550167543281498	0.03462098225888986	-0.01690804771618291	-0.015682264732841934	-0.012336866024018796	0.01385531348389403	-0.011316099127953904	0.011212588070114842	0.038949961099112716	-0.12269779366458147	-0.00989136083305377	0.00815320020681765	-0.041908872364576646	0.05670654414815937	-0.08558044146044605	-0.016388213047604704	-0.0012229312958489588	0.060263219461099346	0.025772351626231708	-0.05044337405822819	-0.03783959347989867	0.019975105540570578	-0.016023280305764748	-0.025994432810285725	-0.0152481485616237	0.0
e69	-0.24001725114070502	0.16400355237055458	-0.10327328851884529	0.08201314959483923	0.15457208453652002	-0.07239046101724926	-0.14478426792348353	0.08720507518276503	-0.12391943755884109	-0.06796728061416586	0.01144167509352036	-0.07729072073674209	-0.03305599907777814	0.024863507157364535	0.0050541255061979885	0.037336576052447716	-0.07400751381591372	-0.02518138339275783	0.01900930430625007	0.013467266422948872	-0.020793456944682574	0.016260332794401887	0.020317922628189777	0.022099904433331874	-0.014051114833637642	-0.035464481239971035	-0.024128543814629987	-0.017370274085967183	0.022973141575628	0.05528005796018661	-0.07778820707456745	0.05166528089634545	-0.019138030942097487	0.024727695728532034	-0.017840284120702665	0.00806388846863184	-0.07119235065281723	0.0633542501655846	0.03081433424092209	-0.010648888978749297	-0.033499826252784436	-0.02291051601955249	-0.0451774000590566	0.07680463156735796	-0.014751051684312613	-0.020476488170718017	0.058375200708485085	-0.00147651339944587	0.0
e70	-0.21288518804611248	-0.1555592690568723	0.2461990528424342	-0.1597582717260236	-0.04855921464684836	-0.0003322559637828488	-0.11749013554026816	-0.0030505393942712976	0.02770636612622233	-0.047885042987840694	-0.06721919037498808	-0.004269908410093914	-0.027047338369354586	0.03746390699087861	0.001396491180673128	0.045685981757146166	0.013177131384263787	0.06472615482770203	0.012916007604154412	0.007835337988945135	-0.00040106025470612784	-0.03762423524246035	0.022612477960318296	0.026438942511030423	-0.02773706546049598	0.029803738639977963	-0.012244876400143505	0.007199536795526471	0.06939814911083268	-0.059977756956967	-0.04105624529135872	0.002381604817025185	0.010679116518207743	0.01579280130152213	-0.015465456440531	-0.001307713644366061	0.005929843968751836	0.03714729605696526	-0.01911197868564961	0.02259970209664631	-0.03608850109479935	0.06116298246754998	0.016883108724231693	-0.040133438513308764	-0.10303770652332743	-0.008017954127369463	-0.0041249699950993216	-0.045470017756125594	0.0
e71	-0.23212816230889233	-0.08951458585944748	0.21597313646450164	-0.0819514717992335	-0.04820044433606036	0.014972329574201618	-0.169624900648687	-0.02058791812745462	0.027237632583742486	-0.03349820537962002	-0.073895406204575	-0.03715631677947408	-0.053125553013514404	0.00912466873746465	0.019198630094125455	0.03860898206260789	0.021833051800390472	0.04020069098096485	0.04019930199683805	-0.03623822322594353	0.0406133394481786	-0.03702974204482289	-0.05452756455121792	-0.09126696079921902	0.09367286409133449	-0.021634477867482568	-0.05447513869437265	0.03893399618194957	-0.05772288213162551	0.01787945981558563	0.024616886573212725	0.06286468725689873	0.002462088833541955	0.044599633551921626	-0.013752670638491095	-0.04601127210477638	-0.03403176659971779	0.016258290466676505	-0.03649356105146222	0.012336431823278982	0.014835781563353311	-0.0022691289862724817	0.06600916734557262	-0.03605793485938494	0.07676876604027133	-0.03676075930387587	0.027524245404131037	-0.011338703165193736	0.0
e72	-0.22227760448729694	-0.138745361405709	0.3223346332960914	0.05168549600137836	-0.012830076445097137	0.02732559928944521	-0.14032105960771357	0.05102393887502281	-0.03773181728618192	-0.05097557812975401	-0.01120266189975923	-0.04799426921908763	-0.041704515039593285	0.03274753046937812	0.016756944521304672	0.010603818396170995	-0.02073208152933934	-0.00023685227890776777	0.04753057555785054	-0.06155760193933397	0.00995140657357021	0.03680332090092939	-0.0005448854792103184	-0.023020632717104066	0.027074535853334938	-0.006589352328745714	-0.004553197763470934	0.007727180247848938	-0.010936075718929099	0.013767793278497356	0.0036124961300425832	0.03382238796284338	-0.03875047844170733	0.013874542827602723	0.03330845253461938	0.0005563068709903072	-0.07574211665261292	0.020987020410147935	-0.00237990854510395	0.005152044578126858	0.0014531299357266947	-0.001647327961743939	0.0004935990765524175	0.01153559476273229	-0.03139763605056356	0.049875137339730806	-0.07976923147383763	0.05049536512313078	0.0
e73	-0.17840422487817673	-0.14071039562029103	0.13552009279570917	-0.2647557243509639	0.015350518705303283	-0.03915694011927346	-0.07404299479484582	0.010161391180298998	0.00961973588616958	-0.014874288467186234	-0.016640663828509088	-0.04473999193758179	-0.006393552549117136	0.01712199331248313	0.044013163251300974	0.057484784622271724	0.010928973934936807	-0.011350825073545514	-0.05841900337502449	0.05579786636328822	-0.12260955302250917	0.05967431248126438	0.06410624113797986	0.05916586715654092	-0.10626626313787225	-0.006730378319359836	-0.025511516265486034	0.004313295360917755	0.07254419129870132	-0.06370082373974185	0.010162584549578545	-0.015418624304752984	0.050416006479655065	0.013316313236314938	-0.04272313070539517	0.0036136598417547947	0.03569231274348903	0.018131161935210267	-0.03851513056348527	0.011948405942990506	-0.01139510436068869	0.030907408490476757	-0.020483279237733153	-0.005702473432125565	0.0822980874303792	0.030019756186022543	0.009888026841972123	0.026821527675242266	0.0
e74	-0.22544162905882204	-0.1090460398227855	0.18033035924313642	-0.1903603532436477	-0.06806879672843442	0.0022329944003720687	-0.08707690863061344	-0.041366081961237984	0.04325974030695066	-0.032863378844395864	-0.08393834095749672	0.03185221602129156	0.00170086277054251	-0.0067115668994887625	-0.0037205090644124327	-0.010360538678533582	0.006906660445849506	-0.013603732750877612	0.026026766068134085	0.008767256018211262	-0.057541815882782336	-0.004855940632715571	-0.11289316376548074	0.0325172307146746	0.03074422320144864	0.0028634428764383094	0.02415848826648988	-0.03659914345829431	-0.032015592316038115	0.017850090129325022	0.010961410654210914	-0.04803749953583812	-0.03967662528956226	-0.014742935597359135	0.0272586801320982	0.03562190488838242	0.02651980687353025	0.020279431159421296	0.04331341794900632	-0.02237399674433604	0.03344184367945985	-0.10704903469715195	-0.05253628756755323	-0.03493464186649101	-0.0034685019955766894	0.0638616656514497	0.027711219183744216	-0.02084486425771238	0.0
e75	-0.20803356116449495	-0.07344531769344417	0.12120680675645755	-0.2397692592933031	0.08047623918631726	-0.08204237815297259	-0.12757682924769997	-0.022830934150193112	0.02303973752827936	0.047268633685153126	0.04521470797072031	-0.017348462173587903	0.019769225623574246	0.0380250600808398	0.018359104435008024	-0.01461148998117817	-0.06770240363482281	-0.07244052812730097	-0.0752488572413139	0.03129409572578626	-0.08156749344701958	0.007251878279134603	-0.04775997759424333	-0.05271964692626613	0.002155891146260372	-0.05722231398072672	0.05526594663511447	0.014209615368026644	-0.03902098093085497	0.03644187462925116	0.003476113077790017	-0.014595050495016254	0.08808420689205794	-0.033998974923361215	-0.014511835036543647	-0.007327623229968272	0.004187640853624555	-0.0727583681573666	0.068837628600505	-0.07552125869058196	0.010029741364141736	0.010252568441118652	-0.006875581379254477	0.011759737242526479	-0.01863447867035709	-0.06191774713926351	-0.03565629587346989	-0.003784372233490266	0.0
e76	-0.15643837831012097	-0.10140680031192063	0.06977479619610966	-0.23750754453150885	0.11747051640361034	-0.06733066626885162	0.1602772672828919	0.015962419269916536	0.059299656853046036	0.02143240367678867	-0.012752191637871106	0.09000361434080052	0.08129526489045072	-0.04709606119720611	-0.007862805925454491	-0.044526036339584796	0.025407586839734972	-0.026991382017573853	-0.04445850115950207	-0.0703992688483867	-0.03062873643114714	0.1369846859922128	0.07532212735991313	0.02366226385276272	-0.019335145728911738	0.015710218733511513	-0.04678038461362462	-0.03333451910240415	0.04616568762788301	0.05342384265207444	0.04342616474684953	0.054717905539945294	-0.025636366359143063	0.024145457530996287	0.0269872054564115	-0.04708490181841308	-0.016548593816193512	-0.011232019460754033	-0.0021277117055944245	0.036826053771087275	0.06009714615967057	-0.048347804836193144	0.07055560048123403	0.038998852254364114	-0.0291343799945248	-0.008079644851383756	0.006710910587570132	-0.00949432668593633	0.0
e77	-0.19503849546672755	0.029566178679039545	0.0020833325898177595	-0.1257852082718315	0.12424246098404247	-0.0639579925019322	0.07982996495270177	0.03571716224482549	0.04533293608143602	-0.004117161411538318	-0.04549893395899727	0.09751432379574758	0.04872046651369493	-0.02131711212705342	-0.021449210842528366	-0.08630199751944788	0.07192054363476144	-0.01205954600301328	0.030474412932238376	-0.13528049235091885	0.1583113755342151	-0.0071545064066088505	-0.023005374929684037	-0.026739499158419465	0.018768849376340012	0.07376339792300612	-0.005424250479274916	-0.01722936273239223	0.014095047027716386	-0.012044329791413226	-0.04729961416635993	0.03274009085229283	0.059762249252254256	0.06817862599191113	-0.08329607313805855	-0.0032854383197371204	0.022764728279078845	-0.0033729962520280547	0.06528632071919559	-0.014415052869848358	-0.005584176788808662	0.034949796361396966	-0.06995577187411142	-0.016081688791608227	0.013182385535960739	0.009399948349482734	0.0023734758673054444	0.014610344555455788	0.0
e78	-0.09181443079939713	-0.07991958565737296	0.12989073591724193	0.011991144757302763	0.29630447465166576	-0.02747230790204678	0.10949686137025436	0.01867476943044637	0.06176469620543352	0.08026171501689686	0.01714528380142744	-0.025702956429587476	-0.013959724514644108	0.03880878163198056	0.00042770221785223985	0.07470840509165845	-0.009278919523406686	0.08567397447185712	0.03887792649222259	-0.03372712408740966	-0.009541762596865457	-0.01770233956605824	0.04049786819988924	0.059773680649515895	0.08506273537883745	-0.08834666359901094	0.0397148606135405	-0.033280060787242945	-0.0426100435124596	0.06802454591454646	-0.009770336955775021	-0.03947372011446618	-0.027944015883337264	-0.03139106620484416	-0.0007541992772674691	0.01958537621591455	0.08618947433993067	0.010179177526679673	0.05637614589271182	0.07004170008953474	-0.07987762213321363	0.01823276734349193	0.03414981564188997	-0.0094043931520638	0.014484993434292754	0.0071365788424607585	-0.0024023809152493142	0.005075988331818242	0.0
e79	-0.17859389540746615	0.12793580298039772	-0.06476092941052673	-0.09053606877650536	0.011362202282605373	0.007299100958558436	-0.09261265707518024	-0.03798462340476821	0.034605163626125514	0.1270700007971926	0.10255127496864319	-0.03912836767714177	-0.01089946414017339	-0.0869637217012274	-0.0358691167311404	-0.04327623006213988	0.05435218609567694	-0.027345635871905062	-0.006429434088791374	-0.023582553136775593	0.13455341810513421	0.011358128227889603	0.052759107431316385	0.12722132284796156	-0.02812857570869584	-0.059056721441578884	0.054486727453253433	0.012583996575849453	-0.10339420901207226	0.0028955558456454744	0.036826412075037965	-0.01384918871487763	0.09809637462746217	-0.013854971000443837	0.020909531791350168	-0.006208156185605487	-0.0590952344508749	0.027697842200440616	-0.08453094965459686	-0.018866705743162963	-0.027584930334115458	-0.01737911408608329	0.00016082390038343476	-0.002723560530510736	-0.009830507115431078	0.02040175134334402	0.0047399966422151775	-0.009544769429626522	0.0
e80	-0.17860325865505067	0.029540750648698193	0.07140005273359178	0.2565265741297861	0.099879205900982	-0.03801289952326857	-0.059298024406021804	0.08043237397557271	-0.04082717877728409	0.07562093780939291	0.11879751891573359	-0.021534152182015782	-0.0204605945254637	-0.07706237928887263	0.01622356596205785	-0.08734742533666877	0.1391111219494119	0.006878330772524458	-0.007887543097290159	0.06970519576194738	-0.05218228186015393	-0.07974956866205588	-0.07390737339742687	0.030907999155564497	-0.07189842810366967	-0.010695837816057837	-0.03664198095698859	0.03687663350795743	0.0292377331031812	-0.01631162779114528	0.0641786946647872	0.07239028386917572	-0.009296694067840765	0.004781663910678839	-0.014815599201127436	-0.04060579776248388	0.043593505375748465	-0.022838359977083708	0.033506341887987734	0.0016237726864738618	-0.009794135871428338	-0.03140575751277167	0.020510550280061525	-0.053831393213290606	-0.03981104619611817	-0.008434545303166526	0.023416847033270148	0.029105754199861143	0.0
e81	-0.06408893450804377	-0.05473712447610079	-0.129309848862595	-0.22197039125335838	-0.26612569802025177	0.11532214896897836	0.2771781352604136	0.014884419064121142	-0.08663376534875615	0.015779925407531405	0.0653541014828725	-0.10608602119490158	-0.08037508014713454	0.021693442379525373	-0.0047939616595158736	-0.07598362076400575	-0.006288162638505319	-0.0014876645215843335	0.1983770603652051	-0.03782413533500028	-0.09418588842357124	-0.015774262318774084	-0.05119686434283465	0.017840205406524895	-0.04585721171740376	-0.041262573109515296	0.058405575954437156	0.01371353904286999	-0.016444096470396227	0.03368838815771271	-0.019464719072847993	0.006936450996054372	0.010864564047252327	0.02796075112434004	-0.02336635896733692	-0.032424944595486574	-0.025261425349219963	-0.017772384447841717	0.008476893598928503	0.036977756712134754	0.013928455788555345	0.02820917928082311	-0.004051365256280364	0.00305099055360815	-0.005567796829166541	-0.004396442206539425	0.00789194294468376	0.0020081182600477916	0.0
e82	-0.17752719274200846	0.14262468910334514	-0.18347296283250586	-0.05334031829947366	-0.068355403804295	0.021840065877917172	0.01624525321214991	-0.005737100246876756	0.027281632605655984	0.06516301320469227	0.03163632902670104	0.06741392901343832	0.015508659049102319	0.02051055956957536	0.04512152813798845	0.010245297129131931	0.08643690541563685	0.027553523974674976	-0.014507309421645574	-0.02158972995840241	0.027825911281485458	-0.024477225516693915	-0.14920669828632768	0.11854442602221041	-0.0025967236119350183	-0.010679676433542055	-0.05411477187066209	0.014931256503673225	0.0797321366801372	0.015592492451701318	-0.01082147666884803	0.0031160751546754147	-0.02933129316224509	-0.053653974826004654	0.05181435052218874	0.07625810959907608	-0.017130051050004976	0.08284780194219471	0.02483923245392373	-0.025647196316602876	0.030853926518407918	0.0413024252070102	0.02206959451774828	0.028963416293370806	0.03492224297257041	-0.03157928309480912	-0.03132445959733099	-0.0038166088502735477	0.0
e83	-0.1846103314765268	0.1695023992880234	-0.11424287867481984	0.07567989502054571	-0.08793687105948715	0.016990536286923524	-0.13488185056446503	-0.07745777291373136	0.061904311413225395	0.15463883568648218	0.12059427161240278	0.04387064052444872	0.08583783932620968	0.06920941917297559	-0.07549085523200973	0.03482997557127695	-0.11852536600139783	0.0105075451752793	0.0319765390933932	0.07075663826308333	0.0008543010301761272	0.02359867616739883	-0.0021920428347843783	-0.025134144861811106	0.06762936705953136	0.030583996701620226	-0.03218450254610927	0.04029596217639617	0.020147775909360816	-0.026460461786453837	0.04961269429261259	-0.005038807392997959	0.05978184502667485	0.03380037092179653	0.03569623453433171	0.03641343803550414	-0.021224657495297766	-0.027806454235009707	0.050711180900273815	0.10225288269839322	0.04896479318547559	0.03761488662611053	-0.010884991839350364	0.00793080157692409	-0.012183726466246556	0.02533930414207595	0.025104204394602505	0.006482898518922827	0.0
e84	-0.1496891984541984	-0.16871278827465824	0.21355610867025404	0.031898253264222694	-0.21980004162178982	0.13975852580024917	0.10781557396950099	-0.0500493645064258	0.08077878726209839	-0.006298801665028223	-0.1015143553404968	0.08761451432874805	0.02149743063133815	0.026804385831878597	-0.08055450324080579	0.04211089057425789	-0.004230460133989671	0.07101138091945765	0.00603145694063461	0.06640545475395408	0.05258603619044248	-0.05677061150526197	0.11336865844273085	0.0360466354374016	0.0038563031246783668	-0.05146544130815554	-0.01400563455898471	-0.00029335270303548603	-0.008436493177527435	-0.006951101824451987	-0.0053032243591251554	0.049829317020543794	-0.01622872184746731	-0.058516996213575416	0.017987473716410934	-0.005589344032181288	-0.008549614599020013	-0.03541810297201718	0.04093507842982875	-0.10405155367497079	0.007656121941562123	0.02397070373262314	0.007674233073270315	0.025914875004629506	-0.007203818492315145	0.004517615689060361	0.03878806011040861	0.025346541172813073	0.0
e85	-0.19391784283149754	0.1426460942637828	-0.20504181139046	0.03974049759136414	-0.10578439010078061	0.04935324320419093	0.08470887433065255	-0.03138188141776305	-0.050635821318386905	0.013921749576911821	0.043841348146084515	0.13969029636454666	0.0955770476352008	-0.012895579497950251	-0.06611050601293024	0.01862103212140096	-0.11406504098977298	0.004810264747137226	-0.040010790138688176	0.007795396130212559	-0.08525972607671713	-0.016304793895401126	-0.025649103525380763	0.012835729326118294	0.07415072341484168	-0.006715291492177401	-0.08288675058169158	-0.0320846020421351	0.0476467329365429	0.07439573194973141	-0.04800048566122861	-0.0028470681118202535	0.0324895076339988	0.017197922554838693	-0.022445969553941476	-0.061394881992890275	-0.013465510437004906	0.008643153840895706	-0.06818019922656582	-0.03294758203879787	-0.0794596971291602	-0.029624299072267303	-0.007788159032423449	-0.06195195514429266	-0.000505488787717607	0.00427527929247856	-0.020821575538379426	0.006665942445468501	0.0
e86	-0.2212828296867792	0.10324338095401825	-0.10381999462634182	0.06298286647030779	-0.08772353911337971	0.00946162824641387	-0.14086353215654854	-0.013886238567991954	0.026561245675409722	0.10631981346879187	0.12490829002430551	0.04957379231642784	0.08329309639400687	0.07883612729380422	-0.020750258231866034	-0.015124172160319152	-0.02960701129139097	0.028224451428005976	0.01794599687793399	-0.0076756749884452	-0.011690147941141222	0.004709773987833665	0.05277604087177465	-0.05301341798642442	-0.11504498150632807	0.10835374989460685	0.12909286815208945	-0.04012464764723043	-0.04524037245289371	0.011987025475033075	-0.023090937648853966	0.00975839117639631	-0.09588390587875573	0.016315636457452622	-0.0281516123268261	-0.03254558451869303	0.022684838726604848	0.05636065353832688	0.025122207794402964	-0.03909888781282735	-0.012598111277450289	0.0012654175181502573	0.04563063958910163	-0.006714827524777468	0.028792505747043597	0.00523289508915611	-0.009453364311294052	-0.009496712006993709	0.0
e87	-0.22146010619136317	0.14916055514860277	-0.1365516762103731	0.11536962155933658	-0.056520769070375634	0.005411105451970411	-0.07834536728768321	-0.04784288560318539	0.07022922710735668	-0.0873899689555597	-0.11831603382415803	0.07321980359976628	0.012431447965884548	-0.0910713991552488	0.011260534296360283	-0.10808730614593441	0.0756387578082687	0.000992279759773828	-0.0986591243845098	0.025930249094728304	-0.08109784524071548	-0.019649101078004192	-0.032698086362891766	0.033977853102749325	0.06935432495043406	-0.03864347031506754	0.11320651118006977	-0.02804243826534129	-0.02191019695958267	-0.07859698137152193	-0.1140072452770976	0.011726531017883096	-0.016837026839920895	0.0040512922864856995	-0.00801513603916681	-0.026206632432307444	-0.026304495159698925	-0.05144609264081398	-0.012708690384481136	0.06896852411173866	-0.0014063431316493154	0.015244144624881046	0.02275585963737513	0.039561482574118075	0.007753069057248746	0.006707245851454385	-0.0021901942880396706	0.004802597206665373	0.0
e88	-0.12549394649711815	-0.0874283929923565	0.22201259645613336	0.38597297867032343	0.04484809541785515	0.0422782356433446	0.14628835232443835	0.025494911633670174	0.01898984296196598	0.028661178801440455	0.000500860826491176	-0.03583671830550946	0.03589855550134797	0.03981190819607052	0.04239309695448411	0.005171524279674945	-0.0457709906105747	-0.19654839725530066	-0.0628623686884252	-0.03668753999158127	0.015269252902537084	0.02921291607451818	-0.025965841936037355	-0.017852745805033036	-0.04850367298274723	-0.10156318289814036	-0.022385821112720864	-0.025664965473731573	-0.006719490751278716	-0.001457297702895324	-0.04127488778323256	-0.020325844323754085	-0.006022967538279101	0.009919733790166673	-0.007647448787360039	-0.010394412546175406	-0.021013207863657023	0.016331957871947328	0.006134139425205082	-0.016013137874868646	0.05110768679297273	0.05864678732611726	0.013070670895946794	-0.04331045426198772	0.010850387872131677	0.03434167492654373	0.009446080193373422	-0.02498233473430836	0.0
e89	-0.14091115094777448	0.15581691710778964	-0.27630329802490494	0.002724802609715756	-0.04429567735696604	0.04267994183406176	0.14528451203607812	0.003016037128184191	-0.027103288226588144	-0.13313434980663846	-0.1259938567552505	-0.07236143035338759	-0.0694193935512907	-0.0913450439799924	0.02916547714492078	0.014703234360357049	-0.005911621092799257	0.00987734480076317	-0.10882310629400957	0.11534247348154725	0.0019493135840437442	0.07859937754610793	0.027408413320042246	-0.014734824873384143	0.005337771218586717	0.06804944816767088	0.027990277528988024	-0.006101416092460572	-0.05421696157485806	0.036302011008463045	0.08778903141594015	0.04414268047454791	0.023774952995465986	0.0021136174878478094	0.023875865616964368	0.020724723261867275	-0.041305523713974404	0.04977890987174209	0.08461464536424024	0.009368137108967053	-0.03196008699356615	0.03036512114016243	0.00045133795171510864	-0.053587330038827465	0.0022631213047352356	0.003945541251758918	-0.010477767906873775	-0.005455551940190855	0.0
e90	-0.18713063684830522	0.2035538534164687	-0.2068741862443681	0.05835365660208676	0.03396369655934415	-0.040563361640803465	-0.15141470888685618	-0.036006812508253584	0.0009421893801856317	-0.11950004060957645	-0.09833638670096977	0.007180845642466882	-0.01848627068011004	-0.09261290707842197	-0.026169056721404228	-0.10902491257099463	0.018743287926460905	0.02912891686071283	0.08422649945264973	-0.021230502892246133	-0.01825157402423247	-0.020234112375801184	0.05503597132214327	-0.0774804419927146	-0.044568397472953776	-0.025711528359799337	-0.05536243570371913	-0.0369314019176899	0.0066688417943877995	0.08928225786102043	0.015448354283093794	-0.1421606440003526	0.02409534575836828	-0.020320648482240508	0.011073033297994087	0.016049116184687583	0.04740208187439199	0.02209256873520395	-0.022624363318930554	-0.017139014210609024	0.04965508563892537	0.04392417193023741	0.02991145211134051	-0.0008720788360718163	-0.0178383256129968	0.0016296220698455838	0.0100476456569877	0.016722126840683558	0.0
e91	-0.1347464532382436	0.07971881604577548	-0.0074213375624966015	0.1111299464447472	0.04732089948038413	0.025397515500378984	0.06624451289516424	-0.12447527868338519	0.271718191837668	0.1271324565600124	-0.09393011513057441	-0.23739724032343806	-0.06774209025023971	0.0060302909277701435	0.01794537071500863	0.004904082981525552	0.0009435945623654972	-0.052347328876581875	0.027179347120780645	0.058012754808363286	0.026301844965966863	-0.00904641176818177	-0.02887722528291079	-0.0038787868774585585	0.02605453299123485	0.11933672191731984	-0.006201062441768542	-0.02107453994215564	0.08049856112006268	0.046269517749060934	-0.024954794873100188	-0.0047469050515931074	-0.00035985073842742207	-0.007026579624817752	-0.006454583461234493	-0.0268335093346141	0.011005229493321044	-0.03438594319825982	-0.04142685243332701	-0.02333509832852729	-0.01565264946202237	-0.021129325284079823	-0.0038085045887612844	0.03110968682813141	-0.0018351350201103354	0.00047632348642859815	-0.005841646787442652	0.0018112168063889758	0.0
e92	-0.22965265602059282	-0.05470104797022342	0.1516945501398588	0.08637120668538438	-0.27110520829458573	0.1516991706476059	-0.027539886557545728	0.0005193403132425316	-0.051561092849820335	-0.0997810802255853	-0.05194575972134446	0.032129226282129136	0.029866514714926573	0.03192442520404349	0.03995658911487804	0.0527680105400304	-0.04033702607832617	-0.12249249808129829	-0.061138418139973845	-0.04150571127451451	0.11390767130821774	-0.0015309312940118998	-0.025224111954973115	0.03141492222868171	-0.0598479706744208	0.015826447931230284	0.018767567557876914	0.0018880207706182075	-0.0046128309656943	0.02914560487069861	0.048686966797576066	-0.04774166629632803	4.343149593524546e-05	0.006707628982522453	-0.016024488414627426	0.010462905414736655	0.07762169883138917	-0.006746566137362369	-0.010212463875352273	0.08133612259888379	-0.03994663335805525	-0.043233736779486054	-0.005865470901532779	0.029329617752629954	-0.010166664555635701	-0.05204774670618038	0.003237576072261432	0.0160878071025476	0.0
e93	-0.22970764743178737	0.11918371215676349	-0.10631822560287855	0.09351972526417006	0.08527963671310954	-0.02738659064578256	0.05143436357936089	0.09585120575695116	-0.1049903609541097	-0.08297151433896575	-0.0013919526383483103	0.0345154487664831	-0.01248840709882469	0.09105455417497321	0.06964936170986355	0.06518810352651569	-0.02642823295538173	0.039423547383935185	-0.003222312647145969	-0.07926527160115594	-0.028513654177693724	0.06596170884307262	-0.09770864594118076	0.018208312604795034	0.06619353501687585	0.07295881036602611	0.05891948285165087	0.04137222395735245	-0.020383439717555418	-0.022846174947463573	0.08678735348411519	0.004113349026285033	0.017827011825889128	-0.035788030558522886	-0.01600257743298911	-0.013644653914692535	0.045750068971666315	-0.04500880627114108	-0.07006803481840689	-0.06426380984910214	-0.002279407565617342	0.044197365597325546	0.02300290599005838	0.04015029347066707	-0.02083518958383533	0.03525203997544762	0.028708628608857412	-0.001265538208581317	0.0
e94	-0.103329160773185	0.25039044760470036	-0.21090415018935998	0.2161314192165885	0.05211370437016693	-0.012120866289524945	0.01849176368104616	-0.07453969320509286	0.13424318097991755	-0.03678139640153878	-0.1207219438330898	0.04893937582666577	0.005042872569160582	0.07047174050167607	-0.01119252525452279	0.0073614165590618905	0.005292151465502981	-0.013485491082121315	0.15284575805282147	-0.07779979956656748	-0.06975696943391088	0.07346381234846332	0.05303048794432314	-0.013321893437173528	-0.043948150484916765	-0.07216182410872458	-0.02518599054301701	0.056095553472015655	-0.009304441993957203	-0.11459562168052463	0.04971625707566773	0.03327888318520414	0.011204947860664637	-0.00018920723025929524	-0.007645131913075966	0.04230920349663538	0.004439268100301705	-0.0005800330589781934	0.008265083901424544	-0.016473611797237123	-0.03411165646689025	-0.05557621277193944	-0.017461970112093224	-0.00997935243577286	0.005344525209848777	-0.0275630486747442	-0.024295639711629784	-0.012824911136393221	0.0
e95	-0.19385876468423519	0.03395584435091401	-0.07815597740764559	-0.09672948972514311	-0.17306318208600507	0.057110608859971435	0.050030639690184855	-0.04773634324597665	-0.03735021821444276	0.10134646767133441	0.17068252957340618	-0.10064025526381283	-0.008823855943797589	-0.10855647446702521	0.07694807894700226	0.024383271585920827	0.08245575861181183	-0.0042933485206910855	-0.07417217244582484	-0.052900108689722676	-0.01669645378771515	0.06736963998270827	0.052179376621426646	-0.11710019277497646	0.1069054591982684	-0.036546441678300345	-0.06202227396848239	-0.02484266840795791	-0.026048835369182528	-0.08442941997925123	-0.017429268257484417	-0.016248550383991815	-0.059516325564805454	-0.00905286021464396	-0.025464636184423614	0.041345710461157315	0.05272875613185101	0.03566054211474168	-0.006643721746178521	-0.02642790177016437	-0.00865645477674582	-0.002673070090088534	-0.021630464603712544	0.015680519199703348	-0.02647032229519462	-0.0068588100365508135	0.007936828181482738	0.004696588912163996	0.0
e96	-0.21378455691245887	0.1287613790986076	-0.18507851221195154	-0.060279095876057426	-0.03484571487572704	0.015765802393955405	-0.003786588641333089	0.051616585589147605	-0.09425010958046727	-0.03134136555969274	0.05044465355862503	-0.03473936846561308	-0.01333957222565485	0.040891351528079906	0.0479028522667394	0.052414447305259425	0.08230308625394746	0.039642068222148726	-0.049706864674757725	-0.06743710981949406	0.06249504511034295	-0.07378436523612324	0.042307435511552714	-0.088992268664831	-0.07292443534144866	-0.014454352077104512	-0.030469859172060906	0.021585887921409207	0.07396894024676871	0.01840003813324773	-0.026748407318960853	-0.017754555302319477	0.016594298473129415	-0.04821501314094891	0.045159223537276284	0.01566036413826505	-0.047473335093035536	-0.11665514021352331	0.03683289617568363	0.017991779369415168	-0.04268295616536891	-0.036639793995896355	0.022048326948468738	0.002164161204503224	0.026449534123477118	0.04459269064458355	-0.006524358531811592	-0.02380448405797629	0.0
e97	-0.19224725397391568	0.05196911665133988	-0.07637637726081983	0.12011237536018081	0.0626546553580893	-0.0025909182316844813	0.12353668078995622	0.03402338909285792	0.014114245327893982	0.02916422857577999	-0.0123640175303078	0.02166120774088444	-0.02334373176266573	0.10268655237490137	0.05026027102888184	0.15943509212194684	0.09691459406461735	0.1327177353859939	-0.07440918033255774	0.008925281226509917	-0.030532754114834394	-0.07654717024608486	0.04440652873065201	-0.014206511747024407	-0.02052428517529555	-0.00407008152125858	0.037147552370668656	-0.026917008363245464	-0.04167139904368633	0.026406502040802287	-0.007095134198780637	-0.027915629478273897	0.027983751125360317	0.04743528737683623	-0.0031917109083495383	-0.024854952697941576	-0.019249074159101476	0.01743210571513413	-0.04466564725292919	0.021383493753658618	0.1031983953334881	-0.029728740157483315	-0.06474283656705267	-0.011499933196457451	-0.013928429730725013	-0.028063395888542172	-0.01441763827396262	0.0046587889235410376	0.0
e98	0.28554904357741834	-0.40419340215240124	-0.15368370854715008	0.0952799553096189	0.017144034267212522	-0.006907786861066048	-0.004247450733803876	-0.04263135246883984	0.06403409865247402	0.04092862844956785	-0.02352171906637977	-0.04104935961789176	-0.0231000303065429	-0.20923426661028152	-0.0640481077577487	0.06023134289548064	-0.18425047768776928	0.15179655716111246	-0.07427159447917173	-0.12573725873432912	0.0131431376327095	0.005213588498561266	-0.08835493548495907	-0.020046017647985585	-0.09829129282138802	-0.02725783774825509	0.015499472882779464	0.038384991654898865	0.010411639478936904	-0.018546089237342057	-0.0017019793548361834	0.00916250413621731	-0.007549548397578741	-0.0038922303509954645	-0.014125131422193522	-0.00015708489481702193	-0.0015276121881675196	-0.0022862090193270248	0.003325746090033696	0.004514311549734903	0.011415978308621916	-0.0041970746592729586	-0.008110940527796236	0.008748719407946332	-0.000724664882768141	0.0010317571444760298	0.0024122246927970603	0.0015075296903782583	0.0
e99	0.31882391362760887	-0.4060106895393006	-0.22061786256936416	0.0253653641378977	-0.010091095837694656	-0.026807980099475073	-0.0555593521551087	0.10909689399388305	0.044612936461308025	0.00884141311147497	-0.0035862773203063822	0.03347744638776345	0.045370022256852924	-0.10888510269197103	0.07423698542428306	0.0910746032529756	0.008707203998033717	-0.15412161207161587	0.060138316692476344	-0.08320825891690158	-0.1057580938188426	-0.1572904038962238	0.08410291218166512	0.043418027318680226	0.047843566891304264	0.09930443090429374	-0.016747056582359574	-0.009571384904858309	-0.04290495926181442	-0.005326064526165369	0.019641595229218132	0.008834570419139409	0.015971756549007395	-0.006291175976921327	0.029140917762218263	0.024428549694251508	-0.021045635593845837	-0.0007247404103447816	0.011941853410162991	-0.002775989514554445	-0.0012669666688390482	0.013052921712556384	0.003193006156648845	0.006194989973991107	0.0027162578068460133	-0.003025110465262236	0.0007223950700440418	-0.0017345410692088297	0.0

Biplot	0	0

Site constraints	0	0
