Eigvals	24
2.6868760835877534	1.661445347387249	0.5705011248578944	0.5087061028606618	0.4409328548757501	0.42545615610467274	0.2862058554578609	0.24305434461995032	0.16887558024695645	0.14475777400381015	0.13832900705341486	0.1233314759456277	0.10925445253564721	0.10153888257661246	0.08237780352084069	0.07104416951274396	0.055844449352096176	0.05380758435799608	0.036638895756556975	0.03299324705584804	0.013893736636346372	0.0	0.0	0.0

Proportion explained	24
0.33772268732568306	0.20883277460832295	0.07170824668328643	0.06394101803447275	0.05542236561947508	0.05347704617142706	0.0359741974049314	0.03055033573473371	0.021226551954912094	0.018195102016975464	0.01738704820908309	0.015501956991102853	0.013732567548618022	0.012762771048983719	0.01035434918304702	0.008929785781050009	0.007019280726273567	0.006763260166289812	0.004605268702614457	0.004147034590602572	0.0017463514981147605	0.0	0.0	0.0

Species	0	0

Site	24	24
e100	-0.07883533801581742	-0.4759014910297037	0.3950831664069566	0.10284400187848734	-0.05692560416821566	-0.02239850563120913	0.35550794996036067	-0.06895402426616802	0.03527158174897993	-0.0026667298578183546	-0.020142706388744124	0.02275009977725587	0.05452635610029386	0.022386310264879073	-0.014387436744908782	0.014680022437687816	0.007036897177652345	-0.004988245429552091	0.005676752716854208	-0.002802678492724438	0.0012463666800796205	0.0	0.0	0.0
e102	-0.06869500693627059	-0.624082811503826	-0.05286539416374299	-0.2922750209377395	0.036710614490255554	-0.029395359887953002	-0.018822951648311412	-0.01845910755403127	0.004365030642343064	0.015704811766818816	0.062431169963101614	-0.0032657896249387265	-0.1136943961927181	0.011816353349083226	0.15896919683919705	-0.024956731070450038	-0.03401284911353575	0.04681617655071252	-0.015010885400303951	-0.016139191083105048	0.003312090601524895	0.0	0.0	0.0
e103	-0.05229491646792434	-0.3775356104045932	-0.3656153095326362	0.5232714115208241	-0.14122746027798447	0.09660874776887134	-0.003911544893325014	-0.0164873850628487	0.01874765328576197	0.019639176100821186	0.03817540496479952	0.001525717870199341	-0.024957832861077865	0.006248122344522107	0.024811048629861762	-0.0020852865776069367	0.0018883726277864024	0.004420048288021706	-0.0011191895127373058	-0.0015853534280494447	-0.0007896498638069291	0.0	0.0	0.0
e104	-0.4180382521689692	0.1613565732647524	-0.011779547486405747	0.006154507253802445	-0.052234193767370145	-0.06909605474209851	-0.001114938510364896	-0.0016657760630187583	-0.012013893241169426	0.09233909194773335	-0.023267951509258717	-0.09433117728775137	0.11759616253412418	-0.05682469771850296	-5.830972413364868e-05	-0.10449407611710992	-0.017650091594927378	0.039467727820841014	-0.06937125270340241	-0.034106174062385405	0.045307584607530586	0.0	0.0	0.0
e105	-0.4317141673306567	0.19185508459874248	0.003661896046156041	-0.017113345229410833	-0.00581510752343109	-0.04465824704504509	-0.008899492969191606	0.009139849392338199	0.19987388586360907	-0.0006255266286340629	-0.0434163788543655	-0.03994586650953681	-0.005350984671200626	-0.04796344621771381	0.005978288266717186	-0.07386242086388407	0.003354221939120899	-0.005178505379213837	0.004743916502697442	-0.022180478178139645	-0.0795354518856987	0.0	0.0	0.0
e106	-0.37698224316427587	0.18464604607037072	-0.012074351301937207	-0.011442930702012395	-0.06785752105418524	-0.08937339725059626	-0.0364340979099751	-0.18888521900102287	0.0056491834597287415	0.02774570388802065	-0.11124643762615125	0.07513912479433094	-0.05987585789650064	-0.15923165388974814	0.04334372140367826	0.10259569183837941	0.043551086580821546	-0.014740626715275719	0.0326239277155656	0.0018124177634560319	0.018562970928740156	0.0	0.0	0.0
e107	-0.4279466338851024	0.14439044653226285	0.013398333555169952	0.006440585365004609	0.14319731551034348	0.16109921048674605	0.021791728947086843	0.10647927015633304	0.11010550161113494	-0.05742473637325336	-0.017180290192316303	-0.10804615447590975	0.00427438547225118	0.012251879835198378	0.03857880305489603	0.06606822696158457	-0.04117744495932275	-0.00903308911484996	-0.01281005156922633	0.10890474467212617	0.024753980512069524	0.0	0.0	0.0
e108	-0.38432024297158435	0.18668736855986526	-4.571819221030389e-05	-0.023803892707754477	-0.021263428591814793	-0.06585286840493815	-0.01749629138123177	0.0035963969943523626	0.11378306292920175	-0.08788565431815433	0.09145832307726162	0.17141730553539622	-0.09029082507999936	0.06026445560129506	-0.08566098676662971	-0.04586157417820641	-0.04275259273713389	-0.03859652813860733	-0.013252295754548048	-0.023894256683889628	0.040495356080255486	0.0	0.0	0.0
e109	-0.35803863840254335	0.16806094079126377	0.013601552403825124	-0.052253029910514344	-0.13907782173984973	-0.10271740015941291	-0.044725400082780614	-0.09908727299253992	-0.09362424602460405	0.017633259456549415	0.21686627234481884	0.020288755543995476	0.08793187326199814	0.04735424833103245	-0.005733107180026539	0.050162858426077685	-0.024500344288339273	0.020636421868505183	0.015820200065793332	0.045502006870197204	-0.035852631200157935	0.0	0.0	0.0
e110	-0.38929439327361975	0.15796567906674827	0.027905466721855624	0.004850615048570288	0.19374001548949418	0.19170009134105642	0.006519842836772475	0.038281446558104774	-0.01843020517523994	0.0027386737925344344	0.04317349182397334	-0.07604610334817924	-0.037311833255777575	0.09578489695904915	-0.013161866129210352	0.03693452613493763	0.1051270032323066	0.03218802084988454	0.0564893567955633	-0.07780483407629121	0.0076622460016822136	0.0	0.0	0.0
e112	-0.3659546804595504	0.0852132380806088	0.0252342372093924	0.0446403183074143	0.21715400700893972	0.2103810862615853	0.004502556209847218	-0.06416917402767046	-0.24018506169057038	0.011847880957439156	-0.09849165867938096	0.09671610819033621	-0.009713496067102534	0.011954158514794307	-0.0002698426140224079	-0.053776068738182366	-0.05125070073415823	-0.008249155651035343	-0.02431501271900657	0.01102040213705406	-0.024175659630877304	0.0	0.0	0.0
e80	0.3271519841179289	0.13382812554990964	-0.011698013248076972	-0.053700015315397344	-0.09045618617093686	0.015553914863956055	0.009007480999389708	0.01668770886760099	0.0292959739135336	0.20675904986912905	-0.06225634655132267	0.006952549596528978	-0.03212103170030914	0.05094922838933289	-0.03831504739023889	-0.046854540006669186	-0.05664051033881833	0.041745299560199324	0.10091937843387266	0.028958246169932474	0.010586420883332214	0.0	0.0	0.0
e82	0.41558062763534087	0.0610764786749432	0.04568427657913674	0.018755874752173454	0.054848519872936916	0.016507914094917985	-0.15363611798870544	-0.050208702001840376	0.11420586037673253	0.039044415119259074	-0.08224754579093076	0.10984384702888947	0.11336816966088206	0.1115747987615674	0.03740653117313756	0.08159317425596796	0.01050613326724645	0.06815869265541409	-0.05769443868188121	-0.016733716187786653	-0.0029983816772076134	0.0	0.0	0.0
e87	0.481902513150706	0.08984439460055617	-0.007426503649184356	0.012117250193641326	0.08454072621256967	0.025976550137672454	0.028265640505285995	-0.013391350343938303	0.024816529021898	0.057051537001606124	-0.015797837984348133	-0.05534726591394236	-0.050022166542614405	0.024558467861301607	-0.005311060232925484	0.04853531852608906	-0.0924795603923638	-0.11613435344138791	-0.020501955492466015	-0.036397083428968705	-0.011854900090944224	0.0	0.0	0.0
e88	-0.12721522299613677	0.1523591248514426	-0.06369062880047294	-0.001883494712285713	-0.20723663709579676	-0.24943142669533544	0.06311333290086744	0.28120102874962694	-0.11057658989430341	-0.0799858070161592	-0.12732215414892994	0.023177738941357575	-0.01800013901296588	0.07267837055573637	0.04539948616353773	0.02265215499248322	0.011283021210263668	0.00399837672215445	0.005597411702087696	-0.0028928661873622425	-0.007422511455007596	0.0	0.0	0.0
e89	0.32677097297931385	0.03356938130770698	-0.012533096559165836	0.11994628360475391	0.32646725180994823	-0.22074704013880428	0.044258377869530095	0.13626445584049213	-0.02705997273426743	-0.01255693705491555	0.08581247702963912	0.013325660705324052	0.019006581873719015	-0.12680496900682958	-0.025964157923441797	0.049079928916147535	-0.04387702153153655	0.05214607322370148	0.008102668191394127	-0.030289954155468993	-0.004254645767302477	0.0	0.0	0.0
e90	0.2791037376693683	0.1183502961936087	-0.02418477897449346	0.04737247264860484	0.05546887600273306	-0.2763106807379156	-0.022372517389157787	-0.23868908495240868	-0.05350211099741162	-0.08355248569617586	-0.03631677705927124	-0.15622625597222736	-0.06646994005584277	0.0854097748688197	-0.03400138081131619	-0.02094685977738873	0.01723250480786429	0.0055594376117743234	-0.012227640725216761	0.015749546034516743	0.006505965267627883	0.0	0.0	0.0
e91	0.1422454306043025	0.23898688389113798	-4.997481270068917e-05	-0.11246812204801092	-0.20926898981837633	0.1185897110369715	0.029385298324756434	0.04338721510951668	-0.056859779337439416	0.06653677872990893	0.08176388000860416	-0.051421173581531025	0.038692238952164754	-0.03472869009320799	0.03622085074505625	0.050228645477598026	0.004845331694841694	-0.06871169010886946	-0.01203377809746878	-0.04277514063887624	0.010920178288173654	0.0	0.0	0.0
e92	0.4081322037992739	0.09561211792425157	0.008112379275940175	0.04147577013758283	0.16653925349706827	-0.06741746795032222	-0.01891748517351743	0.014607060134817915	0.011213385356465686	-0.011915615459701972	0.049579886697318366	0.0660006295817199	0.08076439039067039	-0.01295905086465473	0.09784954275253098	-0.10409283298681882	0.080509959929301	-0.06955724454008162	0.051386480863812346	0.042629380686100525	0.01486504539209944	0.0	0.0	0.0
e93	0.42606550453658887	0.06922420816066417	0.010909418072913972	-0.050772586729589134	-0.12814630725615592	0.1780562007105487	-0.029188613911239968	-0.04602375290618143	-0.0020795357997874003	-0.18492534247351045	-0.0222143405410762	-0.004910621906333954	0.05548650529107296	-0.024145891591503505	0.03603637632847468	-0.03442511346173835	-0.009002887714301898	-0.02262705486541766	0.008868386543172744	-0.02150464640029759	-0.004373724527698494	0.0	0.0	0.0
e94	0.4261126274030484	0.10293031478331169	0.003619576996404857	-0.06359280051015828	-0.12172948162824236	0.18789645243062641	0.029606562952622043	-0.0070503781521347965	-0.006693033767538409	-0.1223616436893335	0.008506668877317115	-0.01128767994756479	-0.026085889220380867	-0.0789396727272673	-0.058166748667686494	-0.014221376170761206	-0.025893634768491387	0.10620997516160499	0.021786801243987387	0.006920125358006735	0.0033570679245580816	0.0	0.0	0.0
e97	0.39019018990863186	0.12488161514672053	0.018310454857295315	-0.048032260672399435	-0.036720397007643596	0.06094773110571845	0.07662207548297317	0.06197485071261112	-0.011623471521002599	0.09176455443057098	0.04525339189494457	0.030496969358645692	-0.11962551401409548	-0.02896029561598053	-0.052049665458094224	-0.015255434850203147	0.10905950142654944	0.008158099254817674	-0.09179154333629383	0.04941783826992033	-0.014960547882777887	0.0	0.0	0.0
e98	-0.0794073131363069	-0.5336179914624322	-0.36800685666992344	-0.2868846740155079	0.06666037526379334	-0.013666835744334017	0.025742453622506867	0.004213039419938186	0.002509203223255505	-0.009683958430833382	-0.05367112692562582	0.003918880217268653	0.09996738030727922	-0.007358160608030191	-0.12685332887943238	0.02229098935762965	0.03329141837793641	-0.04023638645403796	0.0089838277228223	0.010694844722025785	-0.002027782651870827	0.0	0.0	0.0
e99	-0.06451874259574544	-0.4897004136483118	0.36444941526590297	0.08635308277992282	-0.06736781905808174	-0.012252325850705731	-0.3388038487541954	0.09723890538806966	-0.03718895124931289	0.00477950393809977	-0.009449414430058119	-0.04072529857333307	-0.01809413727386873	-0.035314537303175256	-0.06466090683502804	-0.003989222525556284	0.01155218590124253	-0.03145146972930853	0.009128935494930145	0.007496820320005554	0.0006706134656690409	0.0	0.0	0.0

Biplot	0	0

Site constraints	0	0
