Eigvals	20
0.6836254994070983	0.5781923271132009	0.4941481012296699	0.4183043225867622	0.3686783922961174	0.36368739155493773	0.3338487037842786	0.29931056958606755	0.27661963058021116	0.27119622441980057	0.24776062159897635	0.2162860079944368	0.20460455706732456	0.1814650014750324	0.15498810268511204	0.1328436910670024	0.1277813546008598	0.1183759451360828	0.09594996360173735	0.0

Proportion explained	20
0.12278492447953661	0.10384823456821564	0.08875318042380417	0.07513099599535801	0.06621775898438015	0.06532133301780262	0.05996205220152765	0.05375871104051271	0.049683226386092696	0.04870913674724013	0.04449990417036437	0.0388467972312468	0.03674870979720455	0.032592649807701865	0.02783717473956553	0.02385985102865725	0.022950612562238997	0.02126132143451871	0.01723342538403166	0.0

Species	0	0

Site	20	20
e72	-0.27003931182081037	-0.08929954940280259	-0.06823452296944896	-0.00286864234490645	0.012120053925796485	0.08764162868390127	0.09602878855608844	-0.0314920825042335	-0.05892257959955217	-0.007337501633794391	0.023648708005111017	0.35412814782720337	0.08703032098280104	-0.06927429964053777	0.02092337258858212	-0.011571996246841177	0.01603542684668689	-0.10351150757699114	0.03531109356041093	-0.0
e73	-0.21101712469907496	-0.0004447799415985927	0.21756393688846137	-0.14042164452614975	0.04728958592400795	-0.16242527508563184	-0.0343714789308754	-0.09131665656068433	0.051114856426816846	-0.038237531340525606	0.08084556952533808	-0.06070537136729022	-0.13073092835440145	-0.24893104783730574	0.03786892982723928	0.028063310909365518	-0.10502676242723595	-0.03251503530958134	-0.060565985319028584	-0.0
e75	-0.3344212201846253	-0.2826507470658069	-0.09542173780842901	-0.09181244500555556	0.13010102696808865	-0.10434133473310238	-0.05643383655648663	-0.07531387863846345	0.050653280777694806	-0.06442117586656579	0.07599637256825983	-0.07704309584149113	-0.10164053486313811	0.1774603535259844	-0.11637529596208378	0.04953991205180737	0.09725759685724514	-0.022294646585960535	0.04580609217433352	-0.0
e76	-0.23683486944359036	-0.0411075463258663	0.14454230214329625	-0.02105305393771603	-0.10814245492125914	0.0661649893705516	0.05354362385558461	0.002348893938510207	-0.12533688426047976	-0.1323921125366741	-0.01633596439663682	0.000736152541750942	-0.004346396668176661	0.059263355365393705	0.16960611566968756	-0.05440962410053414	0.05752726528734724	0.21291144194864953	-0.03196279001401743	-0.0
e77	-0.11144328336823539	-0.19628479510088087	-0.081133547556601	0.04454438385783122	-0.15996581126632373	0.09785528177150082	-0.15467419636702565	0.1923343815744014	-0.07954061256310258	0.24117933250259688	0.029399735562711166	-0.006796992700452004	-0.06329882182701455	-0.02492055043508907	-0.12153755942347148	-0.11498424161346728	-0.0768575506642275	0.04062988296398709	-0.059641904672458806	-0.0
e78	-0.08632284914681428	-0.21120079904834443	0.1472938807787842	0.18261742025096556	0.012981583099332344	0.2644314476147287	0.1713982307799703	-0.06430908809029916	0.19436048478938686	0.0016592629921281276	-0.1585444563851747	-0.15471222868136822	0.09898211151826494	-0.048211263447755295	-0.024161330898342513	-0.012776069668109938	-0.03211613579401546	-0.031011936076937325	0.035600523475153044	-0.0
e80	-0.06005617081332714	0.12735978620854788	-0.25789878848860087	0.33178797715594216	-0.19983943673622545	-0.13376783681911197	0.14959804557823303	0.03543888161736981	0.049112132825360734	-0.06018318369168776	0.19751763906709102	-0.06443957429373781	0.04698042443427777	-0.0328802343239972	-0.0032433334279021223	0.08088251828155632	0.014992006013585302	0.0020976912697407285	-0.04754533251405281	-0.0
e81	0.16408701255545655	0.05572660484308428	0.2643461270165087	-0.0957064671091909	-0.09569777753810078	-0.10686656904209464	-0.07132511205258642	0.1832881124609708	0.21015404699205043	-0.13812598171859886	0.12969657208822263	0.05298716852731603	0.11939238851467687	0.02967115732906751	-0.0688542022301202	-0.11518636544602413	0.03454731635057532	-0.005369030735910988	0.056066822464155695	-0.0
e82	0.23517443315677564	-0.2105699487097571	-0.2801931110671103	-0.11436661676365456	-0.04165453863175132	-0.1776672082247481	0.08650020331898045	-0.024285347349278116	0.1530799739789067	-0.03094499966687895	-0.1434030247717221	0.04677240483215645	-0.05732844762849626	0.07483820692902253	0.12978514067042776	-0.08190225894196665	-0.09748203194789755	-0.016126356966453086	-0.046315482371679054	-0.0
e87	-0.018431298030748104	0.055256783678987606	0.1262624759115524	-0.13281011384866587	-0.23794215179115075	-0.032793242774723626	0.005881453219704369	0.10474421065998182	-0.04752274752462762	0.142830896126405	-0.057285309251925674	-0.026955660270192108	-0.005061309988794605	0.09138149342517497	0.08318793078614793	0.19223393204859116	-0.0683381242128336	-0.049267747839701004	0.1201672138109043	-0.0
e88	-0.19552814610817634	0.2917049745384619	-0.0298948273171879	0.039148805294239516	0.12866530147577024	-0.039101743704418566	-0.044600327843107836	0.23921510897787282	-0.06556154698079521	-0.06744839014756622	-0.20626936308194826	-0.08122897593551641	-0.010239577532812622	0.022772998361704072	0.03955754710680147	-0.04412607593410398	0.06983770069409385	-0.1309478449332495	-0.06890926083238719	-0.0
e89	0.026368457392796817	0.15281466883944653	-0.05402233028687595	-0.03273801401415923	-0.2285714082636731	0.01820582665231154	-0.24377672283778729	-0.3325387062605342	-0.0921202843642171	-0.06509130135220942	-0.07112059062742458	-0.05149705035361201	0.10964291973661	0.022563181118187243	-0.04535011655453145	-0.0583873896574131	0.00041132430052136227	-0.058829256408840444	-0.011324647831927909	-0.0
e90	0.09573006175413944	0.12570411376316148	-0.2782010276043996	-0.1899720039108582	0.10074420420929767	0.332930462679275	-0.1431056973913651	0.046595813872722595	0.11314628271919364	-0.021979146466200597	0.14448513805540442	-0.05277864955980069	-0.022555667132880878	-0.06610586353028701	0.09889950277534672	0.03757332958450381	0.03058277050276415	0.017038866671104828	0.03126707628762487	-0.0
e91	-0.10700601740520825	0.36213222310627946	-0.059342150474278335	0.1067827778587586	0.16271980358194357	-0.07845035559513694	-0.02918486434003367	-0.07204305780407097	0.12866498286517353	0.09283293085022198	-0.11050767945783894	0.09863997071584431	-0.04009667841622923	0.019713506682570592	-0.08630404513877059	-0.0008486108560791145	-0.08200458507954635	0.1531348242984612	0.0812099213154254	-0.0
e92	0.16492680559584144	-0.11909801653306705	0.05197278949068095	0.14801844569891706	0.2493721257638406	0.01626907186747224	-0.09960837538375618	0.04477710052518091	-0.19529881091175685	-0.14732788761709242	0.08413158466519391	-0.011516217053765501	0.10136372675292264	0.08016622209201553	0.0088866981572301	0.043771927238775585	-0.18715109108152964	-0.0050914567076218616	0.0015294089830982566	-0.0
e93	0.25399223447424746	-0.23130335328317594	0.02541057396762986	0.19020965905077677	0.0598305966580356	-0.13188336772958878	-0.21533407739539315	0.015046537188808239	-0.01310986439521148	0.05744153278002235	-0.10965429472996102	0.04434190659190197	0.00619459096999683	-0.1424211136859807	0.04772872281201618	0.08134435362217933	0.16161536755712477	0.044350490022423875	0.031304329528408836	-0.0
e94	0.2019595037354886	0.07100965077285541	0.1911364030597816	-0.017246307387143674	0.0013948921455873688	0.13805082770982066	0.032624192715282746	-0.054139070571007655	0.08024020768595493	0.029225188467325084	-0.0026352460936265782	0.12150565810024441	-0.0761097257914531	0.11244794825866354	-0.07210609848538585	0.12457365213417673	0.036395388913246084	-0.00017874348847825714	-0.19298398852444773	-0.0
e95	0.04621223774073951	0.03622960588208837	0.009427405481224824	-0.17481542579494916	0.17472242026676701	-0.12141532222103767	0.15551267374773392	-0.06695427985189413	-0.06919546472107557	0.2714331452960582	0.08606324507700258	-0.08792174880090713	0.22267509813804456	0.00824187382304934	0.02492592425611786	-0.03627426493158383	0.059015331284531375	0.017810234860333837	-0.04317980176397871	-0.0
e96	0.2264220660984162	0.007581719543958092	-0.10511734066104284	-0.1948408689195877	-0.04091011368111267	0.020660709837311168	0.2279798455990311	0.047203172126418794	-0.18613360746500962	-0.14635920449669426	-0.09156498493493063	-0.028703412070581275	-0.04921321961980147	-0.11493820782664503	-0.1847816309334981	0.022843046561591262	0.02532717640661551	0.047790925362280065	0.04142624499725344	-0.0
e97	0.21622747851670762	0.09643940423443124	0.13150348949605578	0.16554213439510482	0.03278209881112712	0.04650200974272093	0.11334763172780814	-0.0986000453117729	-0.09778384627470958	0.08324612751973022	0.11553634911685544	-0.014812432207704613	-0.23164027322439504	0.04916228381676464	0.061343728404506956	-0.13035908503642218	0.04543161019295129	-0.08062079476725657	0.08274046724720906	-0.0

Biplot	0	0

Site constraints	0	0
