Eigvals	49
2.2994637955768815	1.0033291329523717	0.6947588575810907	0.4188536375480792	0.29595880158272264	0.26214157548522954	0.2200185956497757	0.18988434735039383	0.1668733973845689	0.1593185305331893	0.154107591246425	0.15054129484158024	0.14579783060481152	0.12826350829630123	0.1251577178624846	0.11753946092043914	0.11148214454245675	0.1088047215783319	0.10334264058469304	0.09860981941513935	0.09572881872088851	0.09217690903068104	0.0874924862646401	0.08296696376523104	0.08061831680488268	0.07781430325002554	0.07291465972114743	0.07118150699845112	0.06592508744602224	0.06544215449827807	0.060988798188978996	0.058230279978404194	0.055804125796423076	0.05288469553170184	0.050733028760016674	0.04822068590937997	0.04692557663540025	0.044523322605924696	0.04152761753024065	0.03937987970323323	0.03705883784494839	0.03652656426248446	0.03476386474901649	0.03303767770604398	0.029954754755760562	0.026711760058551987	0.024312525120784526	0.01977150799674196	0.0

Proportion explained	49
0.27091194739445185	0.11820749246348633	0.08185320222866058	0.04934735430045441	0.03486846604827218	0.030884280432837457	0.025921550200149832	0.022371275607544035	0.019660234329734322	0.018770155653588187	0.018156227435780603	0.017736063262776113	0.017177210744092924	0.015111399831141029	0.014745490293342356	0.013847943296563891	0.013134298933430167	0.012818857624632472	0.012175341078879817	0.01161774247603171	0.011278316602040744	0.010859847403702301	0.01030795087182032	0.009774775217717562	0.009498068742497583	0.009167713129102847	0.00859046030498783	0.008386268449416623	0.007766981961840711	0.007710085086323046	0.007185411711376124	0.0068604161442411375	0.006574578134795634	0.006230624670592684	0.005977125469438738	0.0056811331187447515	0.005528549470253588	0.00524552726372299	0.00489258746209006	0.00463955115061322	0.00436609697793979	0.004303387022232159	0.004095714103535452	0.0038923429114000123	0.0035291275123426865	0.0031470532172393605	0.0028643867058128023	0.002329385548328915	0.0

Species	0	0

Site	49	49
e100	0.09697193159226222	-0.34897301823874616	-0.02274865225230279	0.11077756561978856	0.012444176347081132	0.05730026055775353	-0.05294859784993824	-0.0031715204506947486	0.06547031173072414	-0.025274081852933946	0.0057354702877618876	-0.03646799689346779	0.032822928217285316	-0.0227646634881508	-0.06445110373725838	0.015983422903176846	-0.028151704563404184	-0.014554250360851765	0.13229846900396344	0.007970366290414165	-0.009985238792404243	-0.03688142307144189	0.03789580022357361	0.09805953669489856	0.01235643289308005	-0.050592617011984885	0.04126815223093375	-0.02105588749141884	-0.05322186725626463	0.012434251412271008	0.05809187917612268	-0.00933673264239256	0.0586338639219814	-0.02673845268445729	0.05014231912916091	-0.009664072718066085	-0.0003201390711972467	-0.01174797131660944	0.0006086098495067993	0.01948307688374795	0.024976146572323974	-0.024077738772858223	-0.00031274805980233513	0.0028350188375504295	0.0037455303307093522	0.01343379125180382	-0.003682623696634104	-0.02772857170778286	-0.0
e101	0.06958980947267743	-0.35083012893139315	-0.012596558098901015	0.08934799920206658	0.001097806496301065	0.0380890647049117	-0.008976803134283482	0.048260342385504716	0.02137613073131817	-0.03658889261559971	-0.012686777746277564	-0.017219029784504635	-0.031688845073238936	0.023457758607547417	0.02625014168425497	0.01996765491277094	0.03737453296691356	-0.11307342023273134	-0.13947421354142256	-0.10200812954664608	-0.06492881198589946	-0.0033844684383541736	0.04330399730448893	-0.01683380901833389	0.01184184495357562	0.02863709239063764	0.013583521862075863	0.02940548965330887	0.05415155729521104	-0.04887029865960709	0.015026466059350181	-0.030545593711371152	0.00946462645290326	0.03111199406790796	0.03223633862115507	-0.03048002899254464	-0.020225853015684084	-0.024277003964357557	-0.023972312534568222	0.021950337216432518	-0.011269095774542498	-0.008976573025129253	-0.02600382106181568	0.025982808172471186	0.011036767778534027	0.010485372158684959	0.003615156991073565	0.0037956569054664146	-0.0
e102	0.08129029081272235	-0.33767824099012594	-0.043175804054746976	0.07922774022202499	-0.0163084854759445	0.014391996183493612	0.009027612055641033	0.01625590563421965	0.05630503937520288	-0.008306909984309017	0.029112771826617385	0.008866179377069378	0.009231932248936989	-0.14293984201492052	0.006555919987339602	-0.02639125139351335	0.05667594479508641	-0.06516341050963599	-0.009265391416985796	0.04687360490340187	0.052218917493936146	-0.017145983780803634	0.002709621138959834	-0.005412407015919452	-0.06659262787155776	0.032951894432769586	-0.06819703589346772	-0.036831429117765165	-0.05260243261186213	-0.027680422268569004	-0.0607686340524688	0.0724210040245012	-0.01097830692027243	-0.008784983509755307	-0.04104849113191804	0.04933885168804799	-0.03872284042893168	0.017080273656814093	0.0005013115201729723	0.003559601056728679	-0.020676578619056512	0.011857489660115756	0.012924098783565388	-0.0006066081537589136	-0.006138837829846443	0.007871107452566922	0.019010549456208108	0.011239321842784714	-0.0
e103	-0.002892456739430781	-0.33132996271485465	0.14088305620048894	0.05592317977063462	0.025839720547281963	0.08095601168861395	0.06726406797743216	-0.024524712845342335	-0.23398829904748275	-0.03975380204178562	-0.09838757204514949	0.05989293160289048	0.011387481801225074	0.15465333010797566	-0.05531286107145252	0.0019340314985952488	-0.02245950779724198	0.00030298355857661025	-0.0012413629890163026	0.0596848038231703	0.009673502784706745	-0.018795922975993626	0.004265896818396898	0.0017151638167546299	-0.03624190149124177	0.04444850370347996	-0.003993934723023532	0.00677327951946362	-0.006104906058348615	0.0056383645062346105	0.005182047512943641	0.008246617601568779	0.003927220702889982	-0.002835207008588177	-0.03445274678114004	0.01117873080079278	0.0011900953994707262	0.008753537751036645	0.004281219062105108	-0.013069972711205307	-0.003199920585019431	-0.0036336953107859557	0.02527677855579544	-0.007769381113578405	-0.0032929196448572263	-0.005475018175472567	-0.000589883735480535	-0.0029456998880513447	-0.0
e104	0.39915440662641694	-0.010848613322942229	-0.018220152412081952	-0.06623344941698761	0.08611331134550416	-0.16474125675308063	-0.06259949405789393	0.0037494068900746818	0.057197470980246544	-0.008224495339040757	0.0335840351924226	0.0266517074724464	0.056936504136793374	0.07830428585316937	0.01226988331731028	-0.0028592041365507657	-0.04226531550349366	-0.015091218921682938	0.027530128489407658	-0.021511411397477746	-0.011515737857267946	-0.04017261056025674	0.08374584377799259	0.009498366525289764	0.008102447106523747	-0.00800378245838629	0.03714207918493925	0.012887626119736125	0.018656342600099057	0.019889775378643882	-0.052895698927162914	-0.00933590880788492	-0.030059083758944772	-0.01733805315154242	-0.07160932748052588	0.022292851891178234	0.02855828800100786	-0.018237747660058742	0.016202017323552212	0.016081763236956044	-0.008578797310712559	-0.034336245935715014	0.03390691022161694	0.0030075735004018046	0.05028507517348869	0.035993911248588834	0.018246440336865233	0.032156349864298724	-0.0
e105	0.39734320936815776	-0.010851519372605289	0.0008634057733686762	-0.0796048843438088	0.0634610814370309	-0.15134391983519563	-0.04806587675820828	-0.014046711492711226	0.054019348481049057	-0.0034756932075418186	0.02168707666028213	-0.008101960183695566	0.11316121214163212	0.08031317270652026	0.02421566260664566	0.02604954367107057	-0.02091059180059299	-0.026088429256061	0.0036585721134529087	0.016461245538850672	-0.011578698347640134	-0.06946694978100759	0.02712192091530497	-0.03217141747730004	0.020551924141572354	0.005547423932944121	-0.04836449740803008	0.0010616559748768339	-0.001060066342002302	-0.012598455804635148	0.024973856185049378	0.019864088114683997	-0.014956846401480735	-0.005264221942891662	0.02061532876726629	-0.0019195219243607947	-0.043262429290362316	0.01238342811766676	-0.024843376239195445	-0.04933396097938022	-0.015715150470688846	0.04033498466748205	-0.00876263389878654	0.011967243181898613	-0.060270175836723776	-0.044182908395537936	-0.027450560250714497	-0.032247201542665034	-0.0
e106	0.4073123892643817	0.17408467897627217	0.09708150243582576	0.01355214058831347	-0.04976160897486171	0.12141332179232957	0.0074319904618649945	-0.024216663712390358	0.09023110865107122	0.020392192850598144	-0.07948783391490978	-0.05427519303251008	0.1230065908351843	0.06974695096355496	0.05207327505161728	0.046948295621469016	0.055786323903724934	0.008190267652761265	-0.013733881983155664	0.00259322331025264	-0.0041532707651752675	0.029712494286896284	-0.04613410424661125	0.0146793827105654	-0.05551832927342693	0.035632624634848065	0.005356455723722643	-0.08902231788594422	0.0049447642531775466	0.01580806991362344	-0.017253375337161092	0.010956860426205521	0.05060121369666119	0.06104760889439065	0.007534707870144623	0.01050826748641138	0.059043333383247555	0.02041521277860018	-0.006359054470682457	0.005820615849881974	-0.022735913518330573	-0.010928370041421774	-0.021119291153403115	-0.010231458956913114	0.015417161030498842	0.0049415368728006484	0.011784014407206032	-0.008508127624219488	-0.0
e107	0.36282548803377146	-0.07222445566113467	-0.013410983260208743	-0.06681512960277287	0.058190827140340594	-0.1986139965885921	-0.02237668928528957	0.023759276955192477	-0.030761712491820414	-0.029132506866375554	0.03073122738107927	0.0417293189636177	-0.025761914880553103	0.007719167502184603	-0.03636834952806104	0.018832130310804118	0.03603344765961567	-0.005004502937522546	-0.001536355618507319	0.04210054467898737	0.03618147126141399	0.13752769248366767	-0.11960349918374208	0.05817034279152472	-0.060953387454148196	0.011447541739064307	0.004826680972326206	0.025240952532014315	0.02660906215597838	-0.006854864346184566	-0.0020264529862902914	-0.02460879843207737	-0.0157638234388886	-0.017390641480035402	0.04520077567150086	-0.00649941637545558	-0.01384168245656059	-0.02712394957753142	-0.011500673709423917	0.014370585136124825	0.005913712214087591	-0.012612023152422058	-0.019161975132987907	-0.02018323692003296	-0.018406967076534043	0.03012545291905511	0.008231647125632291	-0.007892175528158121	-0.0
e108	0.4473520632792394	0.16323082398585764	0.08243019014001145	-0.018116757198380965	-0.060100344098497654	0.14750186505518192	0.014898860610689861	0.01159337187880129	0.014198455824596208	-0.0033537775258804152	-0.027414963478890247	-0.013597983861558782	-0.004999772809817812	-0.00772908690667646	0.034735318517759184	0.015273879156315581	0.012914883448640764	-0.01853395778063801	0.004672942094247048	-0.0158624430359057	0.018281675806413624	0.03116753152073309	-0.007156542182072184	0.0017797814670153188	0.010995731147677339	0.007089579960690306	0.017179982127726284	0.0381899264969026	-0.04322001632862925	-0.04011434981770509	0.0010555680429630637	0.005311064539776486	-0.07895898689015844	-0.026908277572678795	-0.013737669689485981	-0.039834765422532115	-0.07154047904176548	-0.02006014877946549	0.08547516744402202	-0.005492293812392673	0.007097317973931947	-0.041458306098593876	0.01133194221757177	-0.01565756954372095	0.03227813673758578	-0.022886303118248665	-0.02624593491527015	-0.02726665636860733	-0.0
e109	0.4622278704826038	0.14841014163469	0.0741677290324751	0.006502148196409268	-0.05742201889181627	0.1264357303969103	-0.010436964810757263	0.0013564136740573712	-0.00422159774809297	-0.013763259853053286	-0.041731404862325745	0.011787945497777738	0.008769541196875867	0.007802307948055233	0.02668759525154007	-0.019066624578710126	0.021744016278928403	-0.0040457862136897	-0.005117058587688085	0.0219645206587903	0.01927164761272415	-0.0075662386404981245	0.018733483882960526	0.004769832446068243	0.028114231631464696	-0.03278379356503041	-0.017893164678461217	0.03534647245648989	-0.001399313351558515	0.0006294567907004255	0.009611735649641955	-0.012553717811601141	-0.007746872653315704	-0.05198008285584151	0.004908573581353869	-0.019272574151302083	-0.008633189337311175	0.03764827961061643	-0.03474008121313002	0.021457904862687442	0.08790273341551824	0.04791818399598879	-0.008557822652438823	0.015665658844414183	-0.04010112158183345	0.027849033952178998	0.02884633642369545	0.05629122466570989	-0.0
e110	0.41162250573244696	0.008697228774413262	-0.016281196906405677	-0.056368327612755356	0.018888511460986076	-0.11368910548452855	-0.03967967877363847	0.007929038473890253	-0.07519377300348551	-0.026629937722425567	0.05914555662115107	0.02095013595725059	-0.06713967348552992	-0.0451509341306409	-0.07157039448114887	-0.045926540543713215	0.0005256202074870253	0.03882540114076962	-0.05312991479259432	-0.010246242937227866	-0.019335079831229927	-0.016183266681564813	-0.008853830794170101	-0.01614583478509282	0.0053049301294939635	0.010045784025246704	-0.017206230494251046	-0.035675322227107335	-0.036107222334467	-0.005260123039167575	0.01980757166673445	0.027016070902343526	0.06962003905985485	0.03908718056674765	0.012186597814896076	-0.030719172477482733	0.02260479651350101	0.05153607079070424	0.05316421007465471	0.0008344974101048662	0.04241454569194446	0.015837843166658833	-0.014420408307147352	0.02930189856751604	0.05672490340008248	-0.04538395800342338	-0.001983626750327241	0.01045145982750576	-0.0
e111	0.45179452643880963	0.15369953507910203	0.04202538472575933	-0.009710611685926396	-0.0410401254822386	0.039410906061719174	0.0035235471371080416	0.025194897971045443	-0.05858138210884974	-0.008898364271458663	0.05877740991024302	0.02521549788760696	-0.09090160538135025	-0.07177509358865923	-0.03518922592666269	-0.033299903694249414	-0.0195554084388659	0.018246682113873328	-0.02429236465784009	-0.03662730218321862	-0.03694314179233437	-0.033250441171660296	0.039092453478963535	-0.04106753449214651	0.010366432815893578	-0.00877469120833252	0.004801278010959545	-0.004763802301926974	0.0042976564129197795	-0.007620929924473353	0.04408751637279147	0.02795330592260307	0.028814286901846828	0.017754118113015818	-0.029583872506681572	0.014153223264891851	0.03242760751305803	-0.0024900081482375483	-0.024619670842896277	-0.015735991021841908	-0.028031892292844984	-0.04308629549347013	0.007414492766518739	-0.0735877829889288	-0.05608885071276401	0.048571504940134284	-0.012820590240361853	-0.021353211271982853	-0.0
e112	0.4515876215302998	0.10096427684244623	0.041106654407612804	-0.014074138824125086	-0.028281120545575206	0.11774956827692895	-0.006016127758665315	0.021689858874536002	-0.03750240018374076	0.02234310563580244	-0.002164058973066834	0.023056379259606765	-0.08085306123626339	-0.06264631127090083	-0.029736157365601798	-0.011781156206046597	-0.03883020809817614	0.02598589109806995	0.037402253233549024	0.02704831954884561	0.002194703877947838	-0.028553887563303078	-0.015833898694722497	0.028468205780925508	0.00597417566965642	-0.015524243372490774	-0.0011577566649367103	0.030012733328770438	0.04712328813693738	0.042090838416658914	-0.032902661559021204	-0.03397903269895474	-0.0027210138655140927	0.00782906115005486	0.024811301109185693	0.04716787180447962	-0.009566114388234995	-0.05357193289509968	-0.05054150351188017	-0.001774318961476725	-0.07064800226664182	0.03641131782546837	0.009420724041433732	0.06219050600584229	0.02997757130274885	-0.029398909668552457	0.005040440923789985	-0.006990052504454054	-0.0
e64	-0.22244097379010003	-0.01682013781346569	0.151194120089464	-0.16166967615797675	-0.0015481500396044847	0.03182662196616347	-0.03405850681129879	-0.03805280591333378	0.02163458585592233	0.07434488254393161	-0.024494393865368932	-0.005583378089535264	0.06837137544377707	-0.036778417373993594	-0.11094752272253042	-0.10334843276125254	-0.007467831614406383	-0.02817374529096032	0.008377153530444905	0.029037815032968258	-0.01635528472735628	0.01637591201388305	0.07461059103584818	-0.003544382504622889	-0.017098327947762355	0.026197457710261204	-0.05106788320532335	0.016856054432115786	0.03322406621832322	0.05276292066554651	-0.0007758474824112639	-0.002170179357551952	-0.06294192626059113	0.09000903331422866	0.05443828079466702	0.0028927529791675476	-0.009006741595564173	-0.019952245619998407	0.011069347031981812	0.011692094233370842	0.03621185789538322	0.005122163850356346	-0.006410372923105236	-0.02787752274536012	0.00873908205003778	0.014982457094822993	-0.007911071430860481	-0.00022899898767828663	-0.0
e65	-0.17406524888525257	0.004613826748781384	0.2979310789874151	-0.05362461180448891	0.03877048402707205	0.05567504288428121	0.12126938444979708	-0.1688821545520154	0.0273950102906227	-0.08822891087167796	0.18347353869699481	0.10524179036720437	0.05220681823227775	-0.017227512413371972	0.030413236993946897	-0.02584638313213833	-0.01888983571398475	-0.006011709373481531	0.0022404039915762705	-0.0021963787669586742	-0.05487948773109419	0.03987327077007124	-0.00171007148823973	-0.0029977192500121965	0.009557029085113456	0.007980357145552598	0.06964266428520362	-0.025589158679969845	-0.01684846660983777	-0.03921404546529129	-0.01820221257786642	-0.01516735744924291	0.0038689985219115906	-0.009757985249938093	0.009089301748246396	0.0007620156261581464	0.0023180482744739285	0.0005015777906434213	-0.003947584499503677	0.021550420368839092	-0.010133539848950395	0.030301320827997313	0.008387168035340129	0.002642872491496583	-0.007017311575482122	-0.009210070846364438	-0.0009668936944270268	0.0008583622734166192	-0.0
e66	-0.11291442167192162	-0.03158204324855554	-0.08906510378843319	-0.131516476337141	0.049093023145432464	0.010304033689474513	-0.013840218505510296	-0.03415273293767392	-0.012009524533428049	0.013997202257186469	-0.0946421660053175	0.12372832294876258	-0.04275958568327537	-0.028061252489607034	0.04977366903812186	0.009661505597953193	-0.011256563283541795	0.023135763958857334	-0.005717153316134197	-0.11828764998159941	0.008518441087795293	-0.03074826251622712	0.02166499584612209	0.0652237995971087	-0.03635358882477804	-0.010705286578983886	0.02275169274529203	-0.06284627898648688	0.00761338661846371	0.009536171235529693	0.009891262869590618	0.021577965929827858	-0.03636926809268788	-0.024232722144814145	0.034718762138091046	0.026371237463947605	0.013730899508450937	-0.027196323732983946	0.027253515131546727	-0.02696314937401868	0.006637247039269774	-0.012766623735610506	-0.024648788074272954	-0.022393601610759206	-0.03094291975337778	-0.04738687519101307	0.04893279600076662	0.015768516792162034	-0.0
e67	-0.1596557873700149	0.039164831035757505	-0.06054813457622644	-0.0640021904668231	-0.03478051320702579	0.027482537787802793	0.01224463461329914	-0.022199251525990893	-0.008081037161439472	-0.040193326061921185	0.023622141900659303	0.11610050916737256	-0.020380606683493674	0.03782654185409366	0.015308458590725051	0.05145764383987819	0.004764432996969363	-0.0591342371518251	-0.007444642997914884	-0.01607045853677773	0.05150682565720376	-0.06121319053557332	-0.06171680065914916	-0.017935136510901423	0.07677729801316495	-0.056822374759182934	-0.10016075995828652	-0.05628621489163321	0.00592023503340206	0.0325500802460207	-0.05482825818306435	-0.04513581055843098	0.014351154073424202	-0.0022115464390793215	0.03631795042671866	0.02302252945520687	-0.020385566888440173	0.025292132635910815	-0.01585167062059594	0.0215268929000539	0.017756902381777507	-0.05197158518639182	0.002762248027401375	-0.014330352720318804	0.0221423980263332	0.014127885422914419	-0.036684162449789684	-0.0037272150776904464	-0.0
e68	-0.08101038127773014	0.0524384707437761	-0.06143053265989829	-0.03164663374091654	0.02152413763100598	-0.011081610111077254	0.038947887134786564	-0.06021897488796173	-0.005213944166946637	-0.10497686373719345	-0.0321382475495538	-0.16470089772713947	-0.08499445481938428	0.0404816796891581	-0.02974117386795557	-0.04868105085376337	0.05427704816234412	-0.060225968868341806	0.04472275866949433	-0.0011717601157397624	-0.12869856411614888	0.008560343144847082	-0.025511662937575202	0.0367095046262648	0.03235389286981251	-0.04256760382347638	-0.0687329813012453	-0.013816294880022884	0.01148459365558525	-0.006446118878645918	-0.04124303227409543	-0.008756948899069047	-0.015779119441384326	-0.03781972699432156	-0.021319407599739323	0.007792264098909354	0.0286391833723053	-0.00792817439031729	0.023447345658172684	-0.01558978684014123	-0.01189591694919518	0.03735927572984792	-0.012269513701104906	-0.036827434041698234	0.004874300462415833	-0.00936105870227555	0.013707054063921741	-0.004239455158948885	-0.0
e69	-0.16928881133660034	0.09297134339701382	0.057889639163674345	0.0674873729679065	0.1333348955282086	0.027141326043336165	-0.10415743449384092	-0.020180685401222965	0.07542384738720645	-0.1710448784581809	-0.07760610113634991	-0.034792532576035755	-0.02268442473483047	-0.054561553287181506	-0.059339271254228595	0.013549716186006635	-0.03147015367738998	0.01609793138501409	-0.050932771890174255	0.005019109529369852	0.026712199619959142	0.02309760558839298	-0.00831681611563611	-0.053716370141211216	-0.017286098997437636	0.04360367209151162	0.04007685352336017	-0.025630355009500755	-0.0014106064164700885	0.039381345645844786	0.009775727993739441	0.005848202219199336	-0.036648826463145566	-0.04220520056502769	0.013782993740878685	-0.012798289779336112	0.008913854716612837	0.021200239976521394	-0.06537169658204266	-0.05185627567869829	0.01706120687054593	-0.01683271428169735	0.033580286820673426	-0.0065149298566224536	0.028655456109913022	-0.008911905431860188	-0.01468492360264287	0.0007250805789440017	-0.0
e70	-0.2142374976290135	-0.005017811001959225	0.07887239629085367	-0.1235397514820928	-0.02831717710278503	0.05393148188215287	-0.07984835385219605	0.07643104944700134	-0.040252683468859345	0.03153692899192587	0.08615055757179689	-0.044919656271407656	-0.0028732840444047436	0.04657441261174459	-0.05164392272954475	0.03647487620423947	0.09623420249501553	-0.012923325023149312	0.03760738403387966	-0.032858367840335544	0.012214793712018576	0.05525848641067856	0.028858687124646464	-0.008841229532346164	0.007189367714243611	0.0019021359840348494	0.04312717459962428	-0.025094031369240134	-0.018486138281811847	0.05192635609277543	0.01357800170649061	0.021229222181597607	0.02506984574311167	-0.030354424702320183	-0.017645111613585306	0.021359237254862027	-0.0393177243693906	-0.0016456015896472139	0.0013228756540869457	-0.03665445668042263	-0.037205920858607494	-0.0067824030319273455	-0.05317777332946417	0.008433602993859004	-0.005470892990050544	-0.0020281199490777115	-0.04304459321675096	0.05554665161461983	-0.0
e71	-0.1703643516804466	0.04905295007605904	-0.0646442273386836	-0.02301267503020438	0.09115935039304067	0.05921785119685264	-0.10699379569856979	0.008254245905797554	-0.016387030196432034	0.013001393352710767	0.046842520143201324	0.011937338784756968	-0.04260051093128966	0.02720941603413892	0.01991939982970357	0.019240684205871016	0.05993114597757731	0.018187008959442426	0.055914709033429516	-0.06239810768647528	-0.01373978515983508	0.002859434678711609	-0.04036164986449419	0.014409632071992036	-0.007202911802568869	0.015261906432611222	-0.025723964724677723	-0.04540604689868056	0.04681287990465302	0.019563694482345288	0.044090265389185625	0.031797939249389236	-0.02482557966224472	0.033678922111430344	-0.011354778011279413	-0.055475799470884386	-0.02198301359180005	0.03050431150215599	0.02588749742379424	0.02570889368120958	-0.02008570664538262	0.030774822580927855	0.09176791031929339	0.04136549726907922	-0.021606343834300514	0.03398471010211254	0.01117363847132947	-0.010027167135906245	-0.0
e72	-0.20503658983678685	0.05001905744441459	0.062189134728916	-0.076001780453093	0.11672518206883638	0.04755886839245261	-0.034059493860184885	0.010073666099291464	-0.011259889709504381	-0.09146589119236986	-0.023522146766931696	-0.04910769134847176	0.07555468280587029	-0.06559183909879598	-0.022180171742968272	0.03971455093649541	-0.09134159825768139	0.034807105792955984	-0.03292655906974076	0.0557395402970557	0.07412927849477412	-0.01195406703933614	-0.0052717029241463025	0.044898614084215034	0.06158817668396331	-0.014853131916947145	-0.04553599429421022	0.020627519492866942	0.053377407532297055	-0.05897175022636709	0.03502656540282631	-0.0054213856018440676	0.020189012365547744	0.013171643323658454	-0.02620710187592143	-0.021174345072069608	-0.001757361435729015	0.014903127303792832	0.04677025661078961	0.018372157900380246	-0.05801056485109746	-0.016443089201029108	-0.04365015399220379	0.004054900319789884	-0.013482274794258687	0.009264610711796913	0.021698052199377708	0.020548828030092888	-0.0
e73	-0.17223758980316087	-0.054885005241935625	0.007698630854084628	-0.19775310173979116	-0.09126096612790717	0.029464337371019493	-0.01340981878781258	0.028428769450935334	-0.00463055791791729	0.0612338927669315	0.04303800350275655	-0.023973925172745433	0.023581453303880253	-0.011569994438687491	-0.05102913169273056	0.05524651322739705	0.011461134387926921	-0.019689732759208593	-0.03764914341808632	0.04495178305752466	-0.01944068561241806	0.006959941060213501	0.013520159459189367	-0.11066982132656687	-0.040988369108850356	-0.03585694799245979	-0.003852743419309828	-0.005985145240630239	-0.008754197065466755	0.023697965741483785	0.013393028848406036	-0.048328768048235736	0.002847239396824865	-0.07254718398497745	-0.010100726084429324	-0.012794532401545055	0.025703292194083346	0.01030793761393953	0.012217795246177738	-0.00014884665643278186	0.0005099839954217091	-0.025739151613757706	0.0002938226671455863	0.033783087219362476	-0.003299572065468056	-0.0008845032380912564	0.0669545734865769	-0.043561448013338916	-0.0
e74	-0.20893884003801141	0.031439612672072625	0.032282843564580166	-0.1055970372139326	-0.020309964005159657	0.027844237352421638	-0.08079341801973153	0.08016394635831185	-0.045993651175121414	-0.013098917576475695	0.07250691626432908	-0.057554015249870624	0.005795696077918462	0.004530193211562035	0.0763703106545143	0.0808719815966844	0.01780024296446606	0.007310282246733816	0.010440249340541176	0.002038342122504647	0.025470857063934656	-0.005234573746591569	0.037260761540315476	0.028673191298843142	-0.037769461339092335	-0.001286169615044134	-0.016985212261965484	0.0993097930390031	-0.02077075888406562	-0.045076961097291826	-0.041835909512495835	0.007502503713397878	0.045138605681074195	0.02096722191025981	0.049219054390802805	-0.002877169142736177	0.031234160494622014	-0.0017148359122785143	-0.0279148455518888	0.0030074619812367467	0.009592422877430264	0.004053873199276866	0.06206324823696071	-0.0584916970224796	0.012129478699913092	-0.041275428687767145	0.008548795487238237	0.009723117577598148	-0.0
e75	-0.19875140098830388	-0.014283025802072977	0.029311560918115858	-0.14998012362517749	0.057967165539037684	0.025492469634526047	-0.03858251775615182	0.07783161330752834	-0.026864751360090616	-0.019111557141076336	-0.004995051531579376	0.0010701695179592746	-0.017989330700891634	-0.040207201059536755	0.06041184082210005	0.07387143384187249	-0.012153700021076116	0.005010797688268801	0.028365867175292124	0.009539381959355477	-0.04327473481661738	-0.054772126522919816	-0.05729823694412493	0.008203668514557788	0.004044126682253821	0.05198093859730244	0.024190115120553968	0.011947567010261843	-0.009634188733766699	-0.015016036038051551	0.0041508064239667245	0.036791021603551875	-0.028178183847918148	0.02068435484738759	-0.06924698482503258	0.0356590757866691	0.033274499299407234	-0.03903532067365284	-0.02123562905837047	0.028923081942153626	0.07110266622202663	0.023437258533529008	-0.0529009946138216	0.02440849094101855	0.008032164048509005	0.01717299089019115	-0.028898188784379244	-0.0323288829002367	-0.0
e76	-0.11282622991457705	-0.07102570010709437	-0.1032348077606978	-0.17062663663968902	-0.0209081927059621	0.005028609648137603	-0.013216465569793702	-0.0989952112303224	0.028792381642476567	0.09436014072760923	-0.0855359903822409	0.021810329436598667	-0.00016748966624026846	-0.030924553109901286	0.05359786444569881	-0.06306759676889573	7.22174149503024e-05	0.025606458218114442	-0.048621424097583986	0.0649793943780582	-0.03667937522722731	-0.04214979325769462	-0.02385971720440198	0.014685386434791187	-0.04882903641233838	-0.00877169321402677	0.00330422354976157	-0.0010975673694338685	0.011941380141595924	-0.04321178830420063	-0.004338088202302265	0.003943626851140151	0.05920365537596304	-0.056638795879195805	0.007877670094136336	-0.060152288967478	0.011591447180635431	-0.041226308816916836	0.0033030994175604553	-0.03192014100236227	-0.01353848837153234	0.002113265294920809	0.02410505674502376	0.010252765521424562	0.01064556625407183	0.03166212097039808	-0.055312258267006816	0.0195286363254199	-0.0
e77	-0.07396016266376162	0.042656226033949717	-0.16155050401443935	-0.02272207480320443	0.018149324521260998	0.018521548395620403	-0.019103435689706866	-0.12048422527707658	-0.009669435413470585	0.057398375990009375	0.017113061994607704	-0.02142577057475266	-0.0390057436478712	0.011007572406288725	0.023241908008181492	-0.08923612450625426	0.03297225985959428	0.0033639796829741365	0.048092401482828215	-0.03179411906320583	0.05386466458453173	0.011590161261446028	0.04096423226451209	0.04524103526700924	-0.03497797876229629	0.04806079040559249	0.012707922962600494	0.05094072933008775	0.04870742175836982	-0.030480171670831228	-0.005676092505011784	-0.03074460267103019	-0.0013693269244578086	-0.018022672419022348	-0.038602892534117715	0.006882422214916762	-0.0027707278438398046	0.10226844934856838	-0.04555002758721192	0.01793000744290286	-0.001570851830768537	-0.036111546129391395	-0.03893393838410438	0.009531936385638333	0.007696796410547266	-0.019875741579543155	-0.010068512335323328	-0.02985352383189404	-0.0
e78	0.01574398034870493	-0.06168889254557452	-0.04069435281571486	-0.1617888305922493	0.11369547269587693	-0.0478772911555833	0.09826654563758404	0.010874664439600305	-0.05053566192229474	0.010790790751086906	-0.11368108268784502	-0.07271653640391376	0.03184582897643504	-0.042730658042006875	0.08586907292825344	-0.06352271060696764	-0.004941101821016109	-0.016072485046241425	-0.0011907149173481402	-0.05690946919363751	0.034610412723026444	0.08571902650992146	2.343401657424429e-05	-0.04228850331507458	0.06644201519983926	-0.03579484293410115	0.026441198733367966	0.007567045959816537	-0.08050523749897055	0.008568407973294364	0.03370028965858592	-0.033124792033382706	0.032928826414489167	0.03003399798363624	0.0019996348219410024	0.0632828869246796	-0.018907171249860223	0.011436864883728776	-0.008605935925228356	0.003419722273972854	-0.006297708234133934	0.010102586527332055	0.03770148648927276	0.016429781425790258	0.0011472581550570399	0.01564171975521355	-0.0008856714844186929	-0.006700564501106088	-0.0
e79	-0.002154777405254268	0.05803538519732685	-0.13802652033003038	-0.014494776163176886	-0.022799387366719083	-0.06394906423733654	0.1074046991184965	-0.003003604832109477	-0.06593983051879149	-0.007008552048513149	0.01742372072165014	-0.11607874293820647	-0.02764775920090244	0.001952723931580078	0.0043931767656419695	0.014102463405711417	0.00020060337560841562	0.06883175741899945	0.06471553228901503	0.03511354418453034	-0.0026508145767985187	-0.07606428954503286	0.008000733926254607	-0.04980335891030909	-0.00676710704378568	0.0590885314943255	0.0326219851483483	-0.07843276573563382	-0.03493697825625887	-0.05359641821302677	-0.01876215632264217	-0.03184004684719769	-0.04952253133030959	0.0322995118490275	0.046684623784040806	-0.04116842014224558	-0.036195908366901335	-0.021244490498848825	-0.03655272529852863	0.02687173599701794	-0.004563290155579442	-0.037199008292780576	-0.009660626576343674	0.0063267821454061	-0.008513869209539005	0.004486200372402907	0.015959025752693735	0.029856812821456614	-0.0
e80	-0.11096083215533104	0.06714249334352121	-0.02466357097970403	0.13181532809891292	0.07681850702812615	-0.00653259902181516	0.0006718921728743204	0.04851027281775561	-0.01883858714359738	-0.04714231764866974	-0.007988081787339469	0.03269008824573183	0.06600507057606578	-0.019271770089916603	0.05341804078305462	-0.09878136231777414	0.05499697868447279	-0.04762191701654105	0.05900221684064186	0.018974454270875102	-0.026325285914465	-0.08409545778633458	-0.09097531246479072	-0.08785658274765294	-0.0476096174568867	-0.05888006561404379	0.05723266516160932	0.08303457799120968	0.023742851323456476	0.04225902950840142	0.009662901305252668	0.02385227835386695	0.001592083917699588	0.01612692568050381	0.030329398539591063	-0.001238888249642487	0.012335431241477365	0.010689367727641166	0.03204525711503716	0.006099123502405486	-0.014617691196486099	-0.028730405806938364	-0.021317989343371625	0.0004974032275464989	-0.007091133301200903	-0.011542241575833967	0.00547457348534997	0.014239323792595768	-0.0
e81	-0.12923250029040723	-0.05163256801553118	0.010483864888344154	-0.04377807725043202	-0.25650779294226494	-0.0635949981462767	-0.02475044485144612	0.03210912233765835	0.019011476897257205	-0.030357260593713135	-0.0037843040668170255	-0.05099389820549331	0.0062483991580735325	0.026843835879292597	-0.028964435130556795	-0.0547250329280491	-0.09561734538075532	-0.033027947880341385	-0.05289240348557505	-0.06599626378316455	0.06791041773360028	-0.05003109338716017	-0.06616789816188232	0.036292721982991674	-0.018032731370276778	0.012075585436745254	0.04700998731225225	0.004054588319325118	-0.04974753202661611	0.04430342560324491	0.0021382138391923887	-0.011297928303337692	-0.037446451064452324	-0.010241153050373378	-0.010470224104665134	-0.022398453270359824	0.02761683226697448	0.022442449722568886	0.0049347550660816	0.04716385043127696	-0.03568836372610307	0.04686964542284474	0.005605397348050698	-0.015099478793382816	-0.014203105444997768	-0.0006708318474028193	-0.01663116097045894	0.0011547834276285762	-0.0
e82	-0.03334587901145967	0.0765532997034335	-0.17558283096762262	0.0553677868925605	-0.02436433873482085	-0.024493401005257036	0.023128408328657556	-0.00918122718513889	-0.030263542204430272	-0.05704132212956937	-0.014975144567481107	0.020831238981706048	-0.06164838444997173	-0.031200708803786264	0.07269715496768271	0.03685101907666272	-0.014740036535254356	-0.08291026740173575	0.023913988622750664	0.07338931020071052	0.06726944402359543	0.04275453674922043	0.09804608936847674	-0.013506021202955918	0.021731361972781957	0.03031080826165603	0.05633359767992476	-0.019484647231585883	0.028194889801887592	0.0719990120160737	-0.06829582218085739	-0.009832014415384708	0.035878247661303576	0.027867804429360425	0.0025406937961192466	-0.05201957275403593	0.01633048840988468	-0.013331932550416273	0.046663921380485335	-0.0183073555499719	0.008870981696366959	0.031625145242243385	-0.014565419046245535	0.004236543459271101	-0.0308334445828526	0.007182578469431546	-0.007239228244809494	-0.019756057959204047	-0.0
e83	-0.03248681771828363	0.14501356411805477	-0.09446726988505647	0.14729253595873204	-0.03184048376690232	-0.01456141529511496	0.05551107304974683	-0.05369152798694894	-0.08284583878931986	0.07210697259102047	0.08300648066516826	-0.06151017609591528	0.035986215228607586	-0.022513305498309582	0.033006495385399334	0.054992115171783096	-0.09046403036918808	-0.09275136157516556	0.012838744370378664	-0.021960295935710788	0.030491815261283667	0.0028611891606878295	-0.009412661753999747	-0.008065477876199352	-0.048815873570028076	0.00571269590258318	-0.017597203009451015	-0.023811575467017614	0.050561242790685336	-0.02570641665280713	0.08094009886609296	0.0034292191381976	-0.023014348542423537	-0.02413847886381109	0.0316620493494846	0.05332917860001754	0.016154429547888215	0.001104963453784477	0.01978708791895171	-0.049263907773469146	0.020278402200142518	0.02725030163839333	0.0031931309765187476	-0.003586834210219492	0.042453338720283076	0.024717121119547197	-0.005840006420588256	0.012216506567746805	-0.0
e84	-0.15433245294126838	-0.023123225637910153	0.1887089984838393	0.03122985092165709	-0.1588398005845874	-0.07837430987821929	0.11872864801932888	0.12326478007695273	0.009322236132698973	-0.061712189890559384	-0.008962664397241082	0.0038250737964411656	0.05780872815778458	-0.023757476810919775	0.04152888007640282	-0.06636610882592887	-0.04111988924452179	0.057679279937097906	0.07649126976285231	-0.08332055085034136	-0.0005826108900709147	0.04063718196792864	0.003706640466268729	0.003035118064329618	-0.012429336315269268	0.013656448376122414	-0.06370045011825412	-0.00832250064794728	0.06655786045138083	0.009741263402300936	-0.014683965901038327	0.017800362952780813	0.04509286838998787	-0.015272087542837869	-0.03172352344656504	-0.04296724751595999	-0.02508536788715892	-0.021913843563690652	-0.021092965517128047	-0.04073178139507736	0.026150263829241006	-0.022537571242954132	0.0027037437411301297	0.01946393896794985	0.009051815026049025	-0.0031122327185827453	0.00819212294220308	-0.008096566227473187	-0.0
e85	-0.13913503059208346	0.10590551835413903	-0.05928486138838318	0.12066489108745361	-0.02945307533583115	-0.03438330907854372	-0.033641456587353846	0.07542506621119077	-0.038428677469662546	-0.02940327469689101	0.00843180249155856	-0.010215762696247317	0.020807921094864366	-0.003125314583616736	0.09233192014414715	-0.018370703378089413	-0.029847642305584322	0.07502216048956714	-0.08743804683752018	0.07547341451284567	-0.10209332747607498	0.0458351209663417	0.06842231816230028	0.04423821893372336	-0.05005973615295774	-0.04052270847612022	-0.019318792035701665	-0.04287339336769086	0.007739570672383831	0.045961507474953305	0.022733851927910522	-0.0037503382519350576	-0.02008187531658008	-0.026154239958786598	0.009166353062203257	0.045650443844252	-0.029855979955573854	0.017904556760636434	0.00874852818560859	0.06575589285433524	-0.0015435494960682596	-0.020018838370227957	0.005799636869959453	0.007556043030261607	-0.010686797909234524	-0.016662675083510627	-0.027720803284807354	-0.003081435680215364	-0.0
e86	-0.09421665935026571	0.1095130947991779	-0.06602281308988847	0.1429773361733311	-0.0073411776030042975	-0.029442593414585827	-0.03591943377959449	0.04992778661505711	-0.07580752383031067	0.08603314952757675	0.017399719045120148	0.05937731919815944	0.11357593539144678	-0.0643177573368206	-0.0069880803802431475	-0.038931052727823906	0.0695240959989847	-0.04861552958968699	-0.019004526996252203	0.02507027998643121	-0.032071526777262625	0.016515726563853014	-0.021330178440407552	0.06222022898729832	0.1193478330045303	0.07179855646777791	-0.013360770523020524	-0.010930546161967074	-0.04384641233628667	0.003939485217608937	0.01457394248894739	-0.030611852561542842	-0.02931497214161448	-0.02223547678017332	-0.018443414656729246	-0.03417052465311194	0.0590361801704108	-0.01989218128929689	-0.026383474572962032	-0.018004657871083064	-0.011683210399198942	-0.01933123669830121	0.015260594366504872	0.0014642235802620053	-0.0024947955900634805	-0.023402939156858205	0.009706655622470507	0.0023997789700292544	-0.0
e87	-0.13325517226401548	0.0904240889567986	-0.06442805180207253	0.12229430717326042	0.016657023293217506	-0.005263773894239024	-0.019230603653712017	0.03339995248826506	0.007033428483038009	-0.03519453289891869	0.0013514055363360454	0.027482801127356918	0.05041432718991304	0.019303301790159634	-0.04573763029560081	-0.02518160861142233	0.10063370890856858	0.13615610349532972	-0.028284778510017435	-0.05166738020858095	0.04627034331886908	-0.050856591544207456	0.0319049584188906	-0.022624281191269486	0.003351000337838659	0.04849833193925525	-0.0024673183691695743	0.01758126298943867	-0.004818210596545595	-0.02945978847465329	-0.026495089237881134	-0.060519581939672294	0.020725222948609203	-0.03759972589312987	0.03078170249506089	0.048722147988600376	-0.007788484083616577	-0.022828563306401633	0.04802081760246474	-0.00530416836129771	-0.00014878055026458945	0.05764684225541125	-0.011838455943197514	-0.015077381704511431	0.009939463422337856	0.03928700004219004	-0.0017379900642530122	-0.02673092808297254	-0.0
e88	-0.15689453908391005	0.1133723593142702	0.21709879896402992	0.09847632476465636	0.1841350802120906	0.030029575726401244	-0.003922574438985289	0.14591368635027654	0.08490963603542884	0.1289369989343581	0.02825425727150526	-0.02368054105393906	-0.10994584834808191	0.08695192941720113	-0.00604221521269287	-0.09525415708455867	-0.06761391767522149	-0.04836847166148053	-0.015609945844852837	0.026426817649179257	0.05036516533297077	-0.0031718908815431884	-0.01804362860342655	-0.0038147558350295034	-0.009306975488560902	0.001253909605186321	0.004216278272608521	-0.05364038825411729	-0.008322957534837217	-0.04551506600484777	-0.024591558262038796	-0.026513242594221664	0.02486667866188746	-0.013960024518700266	-0.004514012331548215	0.004754505842366305	0.006101297048590873	-0.016089129861072714	0.010352469912832436	0.004800911809417639	0.017346251121019347	-0.0009710594961147026	0.0027097870306766066	-0.0031539491881087804	-0.020844376252256297	-0.016950390476333572	0.0023506333138929147	-0.0035089350089779086	-0.0
e89	-0.0983037944138475	0.034462631142926525	-0.1180804143210325	0.0008687311462683654	-0.10869525495324511	-0.028792858690440414	0.04401925888952221	-0.03966494118184828	0.061148357173489765	-0.0539834165676927	0.013125959983478062	0.00810952936946754	-0.017804424325277582	0.051613610167085086	-0.036488105101343614	-0.03075184188050502	0.10561634059063253	0.0014707217461620507	-0.03082851314362522	0.05938755099387	0.09695244437171517	0.001355816182742332	0.015310584037608715	-0.0027433130621527845	0.018420462955986736	-0.07551650496469729	0.027767917001172378	-0.022436075402488053	0.046110710188428314	-0.037481522374656843	0.0832972196453693	0.021559084102572425	-0.003723512439813452	0.0375315880027775	-0.053137322961630325	0.020977496485611456	0.0074596154540654295	-0.06639052626225828	-0.02102189805068403	0.014285963286383607	0.02322561996344599	0.00016912224200565048	0.025189662632945798	-0.0025158770875365636	0.007212942090090528	-0.03688500097649162	0.0013663407118100076	-0.000736994641930708	-0.0
e90	-0.13446767776658386	0.10873230553470313	-0.08398781499603807	0.08874351810379251	0.019875978885173135	0.03145150000660267	-0.002063592282238733	-0.09669066644047986	0.01864920865669695	-0.028109386559910198	0.06180935592417003	-0.006543714552061495	-0.03987572466492373	0.08683732530672661	0.02077646660768753	-0.02221794571216836	-0.03201435651734338	0.03818304240198984	-0.03439952142382836	-0.02666574941727717	0.029093592470025742	0.033487210771164164	0.01674717632000295	0.009780955158839264	-0.022405223227152306	-0.01593694871451864	-0.07958993612934624	0.06436985094311237	-0.10871829251918703	0.02378643185199791	-0.002195084093116	0.055706814646145825	-0.014969646434394277	0.02398302901194737	0.01616938336421308	-0.014046581932266159	0.03752094475667957	-0.04689372790323038	-0.008610000332462064	-0.0222281850955572	-0.007277201632864409	-0.031764035672948304	-0.028707218834527155	0.05805378248607659	-0.010808278593732921	0.02477510211409873	0.010832568372796976	-0.0025236290551187853	-0.0
e91	-0.07777669389260305	0.06518730342675817	0.04663352223464034	-0.023328131549987738	0.10106765739077267	-0.044697585312631516	0.27856324258741	0.043736073775094454	0.08273851144813069	0.058740152422037645	0.005922997859823251	-0.0023363271745389597	-0.043657776468943206	-0.00491474936676775	-0.027079145096500213	0.08044517251923847	0.049315667407576064	0.015367831266646415	-0.05832448930590527	0.021407437309407622	-0.005565149477860547	-0.06408630851932809	0.0063607556141515465	0.07405920082795579	0.002155350616883287	0.015547269331048198	0.008119205768353885	0.05147762314325917	-0.005325799328695143	0.08274204450581081	0.032548552580572127	0.025883024711851197	0.00039913751195799215	-0.007843152953980167	-0.0007624378353378385	-0.022581036876760233	-0.019821470005652084	0.035569260201079214	-0.006896345490550225	-0.007566492666039123	-0.008437049403118695	0.0063016814892530104	0.004253627494080313	-0.015232816221203828	0.018488222239075466	0.00848025716174557	0.007287435438612305	-0.0012817168173813647	-0.0
e92	-0.16388773940855317	0.05349653618209082	0.46755777065978477	0.15340207380823115	-0.08231410835554602	-0.1869706701970311	-0.10345907163031831	-0.1377599472933937	-0.0219574222321283	0.07114794551214904	-0.09407034562861716	-0.02288247626919821	-0.08233632873814994	-0.04301041763479022	0.03998476535729121	0.07330446449339065	0.05283303414343379	0.004123902995332075	0.01455298736853797	0.0015306800657015575	0.00670807227669809	-0.02664197225718376	0.010244447791461752	-0.00924291987380948	0.020774469106039934	-0.024429654371254824	0.0006403704989571292	0.011612257345009215	-0.009093419869189002	-0.004173441202715902	0.003864463759735366	-0.0033943900400437207	0.0034150571013571896	0.009748432525092832	-0.004069781031534305	0.00696298900504512	-0.012108271117860626	0.003092902330210771	0.006044751754276737	0.009176221575266203	-0.008856008950102783	-0.007298406918018915	-0.005356884757511542	0.00856009071381251	-0.0007955198473338566	0.005526611860123745	0.007235419097359937	-0.0020784375930604747	-0.0
e93	-0.13959130692430402	0.07360026681447088	-0.12759998186475877	0.07878356031120047	0.031515705453867816	0.018478441215691133	-0.07491991746169746	-0.015167483276826437	-0.052649047326890366	0.06513997835803285	0.005933687297227976	0.03291860504798579	0.04847911944429222	0.012966131913474194	-0.009493766479017807	0.0007137906754558197	-0.046599828024009325	0.01796633015931748	-0.0307326130773099	-0.006560831550119043	-0.02589432079117561	0.012023260211162432	-0.021055993392606786	0.0051720625788985305	-0.001607255076343903	-0.09361051247900826	0.03868827681754503	-0.016897300962553725	-0.027361417152309924	3.460000189360872e-05	-0.035321780427774216	0.016907335085917047	0.012552780254731484	0.03665472064365763	-0.0438082773278692	-0.04822459817871709	-0.08527402996795577	-0.0018026247517808477	-0.05017787684073469	-0.02053081603278647	-0.001233181362688461	0.04084615513215845	-0.031407703312409704	-0.0478661957883244	0.039030241083426176	0.013333663456930909	0.035164811962909256	-0.01716184405689607	-0.0
e94	0.0021331901284735778	0.14588203290031637	-0.11441970026796604	0.10205051036935334	0.07255031877790588	-0.008683449233101997	0.0685492864892283	-0.06186060672832012	-0.017588025068828433	0.0579619122785249	-0.046185626217013775	-0.027390645056511467	0.07022492140567682	-0.049944127286312555	-0.14616304190217239	0.08620961172620972	-0.025132287553534905	-0.010063036768851178	-0.000598144660752628	-0.0884955574805392	-0.013222590333243972	0.030422495768234	-0.007560696618367596	-0.02956936906080335	-0.040106503615882125	-0.02726323373923776	-0.0030075999502808346	0.02169273673687734	0.012170157661966682	-0.007607844484452347	-0.05931126232692528	0.007159170090186352	0.030590762630576356	-0.009417234744661197	-0.03316732065093906	-0.004287042382352266	0.006260141602568272	-0.02638824204696459	0.004871237851083323	0.054612630172771744	0.021059640681500822	-0.007418305712122368	0.021363457588144546	0.015662893306405197	-0.04325157344707177	-0.031932176603779276	-0.033280673939077195	0.010535234428131425	-0.0
e95	-0.1599552691283537	0.04410789610231509	-0.09150499998744374	-0.004857485122264326	-0.14106332613044714	-0.003439404287138381	-0.01623768028122162	0.007356847911102784	0.04381302180255608	0.009831585555395702	-0.005587061235903532	-0.012377668204387142	-0.007471519646042993	0.02954771568492179	-0.060261176009278536	0.004711587318183434	-0.03508194838922337	0.011879881821974945	-0.03617454418728204	0.03521984701737434	-0.06015476347802249	0.002333040206478043	-0.04669703308791302	0.04608441157800332	0.06373157288223232	0.01575528971851414	0.07677716335601818	0.027335542155054814	0.024964585529371676	-0.04200533838599374	-0.05557944938009084	0.03975775313680142	0.010795286613229564	0.035311092718099825	0.02449250498236851	0.06786009490621245	-0.029405207144920124	0.04007989781957636	0.025094952220942827	-0.058093878577870454	0.02605509847705015	-0.034189199044385186	0.02972207690544047	0.03543615562747631	-0.02949691512280282	0.01436514847191711	0.017060693049955545	0.00021647479863517384	-0.0
e96	-0.08898779378497318	0.04965084387871158	-0.15419318057963316	0.02365750488901836	-0.06174829618350078	0.0006149338191353741	-0.03443017713513105	-0.04229057437273548	0.110407673507156	0.008847516189417181	-0.039442249713716286	0.08012677723121703	-0.05302918213628403	0.037409053799062814	0.003452207354463984	0.02186779171564913	-0.06445584184964724	-0.007657559065584124	0.059540129078004204	0.025480355935673802	-0.05862628526477341	0.0362589312570082	-0.02475758679946986	-0.0661778200939475	0.021413196490028086	0.11680388183063876	-0.03584502896574892	0.04185900975865217	-0.02020832910612368	0.01940218567089031	0.06431639745898915	-0.013967017994556295	0.05760899116015346	-0.0028374598403431467	-0.019235611698860625	0.02127256518879264	-0.041797734169301146	-0.017769798983114007	0.007777286085142482	0.035529001231137204	-0.012075931306584804	0.008904326903253285	-0.00196500625360605	-0.035399915315014664	0.008454589813910092	-0.017381421718582788	0.02121350346730141	0.021909922298565143	-0.0
e97	-0.11802425128052177	0.042734508378211994	-0.03936969895153344	0.015479507653968497	-0.04940044333108801	-0.03200408208601218	0.05408051917972614	0.11791635933952849	0.05085343454793127	-0.003533950692183739	-0.08788833603392032	0.13277284442670148	-0.030418391263216982	0.010320243084776807	-0.04663807593870569	0.04500081392414612	-0.0018268607958272073	-0.005089399493482581	0.073715417991065	0.015484216844580907	-0.03317747169892437	0.055835633761947764	0.052267441319864646	-0.02789064468553543	-0.01728044779622239	-0.05947655388615909	-0.005515291390842575	0.0034050337100565817	-0.02931252772876463	-0.092831497168419	0.00703585799261373	0.005207596847922913	-0.05242290995201343	0.01862387345619705	0.01885589140221715	-0.014107145738033872	0.05375975339600199	0.05554786251030984	-0.01057445978126774	-0.006023877111959423	-0.037711589029416036	0.029411689869130526	-0.013346054120731664	0.01187612126519622	0.016372654101971255	0.01192353032904053	-0.02233132545792113	0.004520196350889053	-0.0
e98	0.10225737075569874	-0.3387236095054615	-0.029759013930162642	0.05163704865767462	0.011541222761019257	0.02655748689645321	0.01552639029367487	-0.023125036850163323	0.012588720529415722	0.09250409845405012	0.01900161772314881	-0.04069423374815478	-0.009871058223305529	0.0205264141872619	0.03296016665028034	0.001660572562644463	-0.0226285011460451	0.0955316548005484	0.0007683337252873549	0.0006762779140087929	0.025983410982884477	0.05090445918838769	-0.01591092669593853	-0.07129985279416348	0.10836457910112328	-0.00840824128101092	0.010609747492609196	-0.0007916731388709256	0.057508950272057144	0.01714658226943255	-0.027027065874954223	0.1004928160095539	-0.03179824323646112	-0.04394826547815015	0.04143650710775765	-0.006338977017422703	0.04008429803384988	0.004829306256010681	-0.001706147493934553	0.03232203537335503	-0.004961264981438878	0.00979132687468458	-0.01083029113899995	-0.026284582576245986	0.013401544117923058	-0.008812115298992954	-0.004505354859307758	-0.0051568285671414905	-0.0
e99	0.08642327717046633	-0.3637391734404721	-0.03741854926321804	0.08330440628018489	0.0037901878188657126	0.0426610650794313	-0.001319304631696196	-0.017845149293969645	0.06294643002870726	0.034359054355568484	0.054190312120770176	-0.01703208050141979	-0.023715981821277765	-0.031184534533265664	0.039122125846494056	0.03866952634869993	-0.01485187625149553	0.09260845014951237	-0.0003014314735265954	0.002972287496202174	-0.014022054110707154	0.01249430771939173	-0.041242574995235794	-0.011849799536505824	-0.01661705680590276	-0.03490740957390367	-0.017142640622842396	0.014131390281925602	-0.0005975661802920308	0.030000382479010948	0.0024554087836042696	-0.11727890668462036	-0.03858405008091455	0.061155363610047975	-0.05295766242365534	-0.0049831749945192065	0.025684568924341362	0.015260623551705163	0.02222462318382929	-0.05771216645667	0.018228159498995863	0.0007738053357142277	0.0025885957303435664	-0.012299012928490423	-0.022794459588923635	-0.01657259269709766	-0.017117240495430272	0.022030085979389182	-0.0

Biplot	0	0

Site constraints	0	0
